Fecha,Cierre,Open,High,Low,Vol.,Change %
01/05/26,2.78,2.755,2.821,2.746,107.10K,0.47%
30/04/26,2.767,2.649,2.794,2.592,172.76K,4.53%
29/04/26,2.647,2.68,2.692,2.615,98.37K,3.44%
28/04/26,2.559,2.539,2.578,2.483,5.51K,0.35%
27/04/26,2.55,2.505,2.63,2.505,65.55K,1.07%
24/04/26,2.523,2.594,2.594,2.495,50.99K,-3.48%
23/04/26,2.614,2.718,2.74,2.568,79.28K,-8.63%
22/04/26,2.861,2.84,2.905,2.824,74.01K,0.67%
21/04/26,2.842,2.816,2.863,2.792,71.61K,0.39%
20/04/26,2.831,2.832,2.88,2.81,72.97K,5.87%
17/04/26,2.674,2.667,2.707,2.623,109.84K,1.02%
16/04/26,2.647,2.614,2.679,2.588,108.05K,1.42%
15/04/26,2.61,2.599,2.628,2.57,114.65K,0.42%
14/04/26,2.599,2.628,2.66,2.561,174.53K,-1.07%
13/04/26,2.627,2.691,2.723,2.615,155.02K,-0.79%
10/04/26,2.648,2.671,2.689,2.628,151.05K,-0.82%
09/04/26,2.67,2.731,2.738,2.655,170.77K,-1.98%
08/04/26,2.724,2.843,2.844,2.702,223.34K,-5.09%
07/04/26,2.87,2.804,2.888,2.756,135.27K,2.10%
06/04/26,2.811,2.838,2.868,2.769,100.08K,0.39%
03/04/26,2.8,2.813,2.889,2.779,,0.00%
02/04/26,2.8,2.813,2.889,2.779,143.11K,-0.67%
01/04/26,2.819,2.88,2.899,2.785,126.77K,-2.25%
31/03/26,2.884,2.887,2.977,2.803,154.16K,-0.10%
30/03/26,2.887,3.055,3.057,2.851,126.19K,-6.72%
27/03/26,3.095,2.97,3.124,2.965,6.14K,3.20%
26/03/26,2.999,2.984,3.025,2.918,61.38K,1.59%
25/03/26,2.952,2.9,2.985,2.864,30.84K,0.31%
24/03/26,2.943,2.91,2.974,2.876,52.37K,1.80%
23/03/26,2.891,3.108,3.153,2.875,119.43K,-5.65%
20/03/26,3.064,3.083,3.136,3.012,111.77K,-1.98%
19/03/26,3.126,3.141,3.228,3.06,138.48K,3.07%
18/03/26,3.033,3.02,3.17,2.897,116.18K,0.80%
17/03/26,3.009,3.021,3.08,2.988,72.01K,-0.07%
16/03/26,3.011,3.175,3.175,2.981,100.68K,-3.83%
13/03/26,3.131,3.252,3.317,3.109,129.47K,-3.15%
12/03/26,3.233,3.231,3.292,3.145,150.13K,0.75%
11/03/26,3.209,3.064,3.228,3.019,141.65K,6.26%
10/03/26,3.02,3.027,3.147,2.961,205.91K,-3.21%
09/03/26,3.12,3.304,3.494,3.021,233.31K,-2.07%
06/03/26,3.186,3.022,3.28,2.951,196.84K,6.09%
05/03/26,3.003,2.937,3.046,2.92,148.18K,2.95%
04/03/26,2.917,3.041,3.076,2.891,155.74K,-4.49%
03/03/26,3.054,2.98,3.188,2.973,225.19K,3.18%
02/03/26,2.96,2.929,3.07,2.867,174.54K,3.53%
27/02/26,2.859,2.832,2.894,2.818,109.11K,1.13%
26/02/26,2.827,2.891,2.891,2.775,139.78K,-4.78%
25/02/26,2.969,2.92,3.017,2.895,6.28K,1.85%
24/02/26,2.915,2.981,3.014,2.905,69.62K,-2.35%
23/02/26,2.985,3.24,3.253,2.977,55.41K,-2.03%
20/02/26,3.047,2.971,3.155,2.949,90.72K,1.70%
19/02/26,2.996,3.022,3.095,2.961,120.48K,2.15%
18/02/26,2.933,2.951,2.958,2.868,134.25K,-0.17%
17/02/26,2.938,2.947,3.06,2.888,148.34K,-5.07%
16/02/26,3.095,3.099,3.105,2.969,53.54K,1.88%
15/02/26,3.038,3.024,3.05,3.021,,-6.32%
13/02/26,3.243,3.219,3.278,3.114,125.82K,0.81%
12/02/26,3.217,3.222,3.316,3.18,222.26K,1.84%
11/02/26,3.159,3.159,3.249,3.055,174.85K,1.41%
10/02/26,3.115,3.141,3.214,3.061,175.75K,-0.73%
09/02/26,3.138,3.25,3.265,3.111,211.76K,-8.30%
06/02/26,3.422,3.517,3.659,3.387,215.13K,-2.48%
05/02/26,3.509,3.472,3.573,3.328,202.39K,1.27%
04/02/26,3.465,3.37,3.548,3.264,194.66K,4.65%
03/02/26,3.311,3.263,3.397,3.169,238.55K,2.29%
02/02/26,3.237,3.708,3.736,3.155,554.86K,-25.65%
30/01/26,4.354,3.879,4.425,3.818,351.65K,11.13%
29/01/26,3.918,3.742,3.93,3.728,234.64K,-47.48%
28/01/26,7.46,6.5,7.827,5.9,6.26K,7.28%
27/01/26,6.954,6.646,7.31,5.772,77.68K,2.26%
26/01/26,6.8,5.791,7.439,5.728,99.50K,28.91%
23/01/26,5.275,4.872,5.434,4.66,107.11K,4.56%
22/01/26,5.045,5.039,5.65,4.769,310.95K,42.72%
21/01/26,3.535,3.188,3.582,3.114,359.01K,9.31%
20/01/26,3.234,2.912,3.242,2.854,430.39K,-9.82%
19/01/26,3.586,3.567,3.717,3.381,126.56K,3.40%
18/01/26,3.468,3.532,3.54,3.468,,11.76%
16/01/26,3.103,3.146,3.23,3.02,139.67K,-0.80%
15/01/26,3.128,3.102,3.218,3.006,180.72K,0.26%
14/01/26,3.12,3.384,3.443,3.068,215.33K,-8.75%
13/01/26,3.419,3.358,3.499,3.298,187.13K,0.29%
12/01/26,3.409,3.29,3.431,3.182,248.89K,7.57%
09/01/26,3.169,3.41,3.496,3.131,322.22K,-6.99%
08/01/26,3.407,3.563,3.634,3.355,193.22K,-3.35%
07/01/26,3.525,3.425,3.591,3.419,151.94K,5.22%
06/01/26,3.35,3.492,3.502,3.324,145.17K,-4.91%
05/01/26,3.523,3.507,3.53,3.355,228.74K,-2.63%
02/01/26,3.618,3.679,3.703,3.563,133.02K,-1.84%
31/12/25,3.686,3.976,3.983,3.679,132.23K,-7.20%
30/12/25,3.972,3.947,4.176,3.916,136.98K,-15.25%
29/12/25,4.687,4.45,4.721,4.351,7.08K,7.35%
26/12/25,4.366,4.196,4.421,4.196,46.35K,2.92%
24/12/25,4.242,4.415,4.593,4.18,57.07K,-3.77%
23/12/25,4.408,3.99,4.449,3.943,126.79K,11.17%
22/12/25,3.965,4.081,4.14,3.797,157.60K,-0.48%
19/12/25,3.984,3.942,4.03,3.84,145.51K,1.94%
18/12/25,3.908,4.117,4.218,3.877,158.06K,-2.88%
17/12/25,4.024,3.936,4.114,3.92,153.56K,3.55%
16/12/25,3.886,4.037,4.045,3.842,155.86K,-3.14%
15/12/25,4.012,4.171,4.218,3.993,169.24K,-2.46%
12/12/25,4.113,4.231,4.257,4.065,199.84K,-2.79%
11/12/25,4.231,4.626,4.631,4.196,287.86K,-7.92%
10/12/25,4.595,4.578,4.696,4.455,271.11K,0.46%
09/12/25,4.574,4.868,4.878,4.551,249.50K,-6.88%
08/12/25,4.912,5.1,5.205,4.85,301.95K,-7.13%
05/12/25,5.289,5.077,5.496,5.027,376.68K,4.46%
04/12/25,5.063,5.01,5.09,4.871,209.84K,1.36%
03/12/25,4.995,4.827,5.039,4.819,186.37K,3.20%
02/12/25,4.84,4.902,4.984,4.805,172.38K,-1.65%
01/12/25,4.921,4.87,4.952,4.758,209.47K,1.46%
28/11/25,4.85,4.618,4.871,4.527,127.69K,4.77%
27/11/25,4.629,4.634,4.647,4.53,27.73K,1.56%
26/11/25,4.558,4.483,4.644,4.442,155.16K,3.03%
25/11/25,4.424,4.501,4.547,4.267,6.37K,-2.75%
24/11/25,4.549,4.465,4.576,4.444,78.48K,-0.68%
21/11/25,4.58,4.489,4.675,4.461,80.71K,-1.86%
20/11/25,4.667,4.767,4.8,4.65,141.95K,-1.81%
19/11/25,4.753,4.589,4.806,4.571,135.72K,3.48%
18/11/25,4.593,4.574,4.619,4.461,130.91K,0.00%
17/11/25,4.593,4.736,4.746,4.554,107.34K,0.59%
14/11/25,4.566,4.597,4.635,4.376,227.91K,-1.72%
13/11/25,4.646,4.535,4.688,4.454,201.02K,2.49%
12/11/25,4.533,4.526,4.582,4.461,170.35K,-0.70%
11/11/25,4.565,4.375,4.581,4.276,243.69K,5.23%
10/11/25,4.338,4.48,4.509,4.262,189.08K,0.53%
07/11/25,4.315,4.413,4.419,4.268,178.32K,-0.96%
06/11/25,4.357,4.239,4.42,4.192,193.87K,2.95%
05/11/25,4.232,4.32,4.351,4.206,156.27K,-2.56%
04/11/25,4.343,4.256,4.396,4.183,231.29K,1.80%
03/11/25,4.266,4.16,4.298,4.087,242.22K,3.44%
31/10/25,4.124,4.061,4.157,4.015,238.49K,4.25%
30/10/25,3.956,3.798,4.071,3.786,201.08K,17.18%
29/10/25,3.376,3.271,3.405,3.193,4.30K,0.93%
28/10/25,3.345,3.411,3.435,3.239,85.02K,-2.82%
27/10/25,3.442,3.41,3.469,3.261,67.44K,4.18%
24/10/25,3.304,3.285,3.397,3.2,108.14K,-1.20%
23/10/25,3.344,3.439,3.507,3.29,157.09K,-17.64%
22/10/25,4.06,4.09,4.139,4.015,146.97K,-0.68%
21/10/25,4.088,4.045,4.098,3.954,141.19K,1.31%
20/10/25,4.035,3.837,4.051,3.829,163.82K,34.14%
17/10/25,3.008,2.926,3.024,2.893,128.24K,2.38%
16/10/25,2.938,3.036,3.067,2.922,161.36K,-2.59%
15/10/25,3.016,3.029,3.041,2.964,149.15K,-0.40%
14/10/25,3.028,3.103,3.106,3.004,150.48K,-2.89%
13/10/25,3.118,3.1,3.138,3.029,0.70K,0.39%
10/10/25,3.106,3.239,3.253,3.089,195.35K,-4.99%
09/10/25,3.269,3.336,3.393,3.235,198.68K,-1.92%
08/10/25,3.333,3.524,3.55,3.316,242.69K,-4.72%
07/10/25,3.498,3.398,3.524,3.355,230.26K,4.20%
06/10/25,3.357,3.3,3.485,3.296,165.23K,0.99%
03/10/25,3.324,3.413,3.451,3.307,217.26K,-3.43%
02/10/25,3.442,3.457,3.585,3.402,259.35K,-0.98%
01/10/25,3.476,3.331,3.492,3.318,240.70K,5.24%
30/09/25,3.303,3.279,3.351,3.245,162.03K,1.10%
29/09/25,3.267,3.149,3.299,3.133,166.63K,15.24%
26/09/25,2.835,2.912,2.944,2.788,4.45K,-2.38%
25/09/25,2.904,2.879,2.968,2.848,74.21K,1.61%
24/09/25,2.858,2.863,2.914,2.816,55.70K,0.18%
23/09/25,2.853,2.806,2.87,2.772,70.89K,1.67%
22/09/25,2.806,2.909,2.945,2.804,163.18K,-12.04%
19/09/25,3.19,3.211,3.241,3.174,135.90K,-1.36%
18/09/25,3.234,3.34,3.365,3.224,124.16K,-3.81%
17/09/25,3.362,3.366,3.419,3.332,84.82K,0.21%
16/09/25,3.355,3.308,3.375,3.17,102.44K,1.67%
15/09/25,3.3,3.199,3.306,3.173,92.15K,12.21%
12/09/25,2.941,2.918,3,2.897,160.05K,0.24%
11/09/25,2.934,3.029,3.062,2.911,199.07K,-3.14%
10/09/25,3.029,3.107,3.117,3.008,171.98K,-2.82%
09/09/25,3.117,3.098,3.165,3.046,181.52K,0.87%
08/09/25,3.09,3.087,3.198,3.056,200.53K,1.38%
05/09/25,3.048,3.078,3.13,3.021,130.91K,-0.85%
04/09/25,3.074,3.075,3.13,3.022,165.91K,0.33%
03/09/25,3.064,2.992,3.131,2.964,187.56K,1.83%
02/09/25,3.009,2.972,3.065,2.869,226.57K,0.91%
01/09/25,2.982,2.974,3.065,2.928,45.73K,-0.73%
31/08/25,3.004,2.986,3.005,2.979,,0.23%
29/08/25,2.997,2.985,3.023,2.921,142.63K,1.80%
28/08/25,2.944,2.874,2.999,2.85,186.27K,2.69%
27/08/25,2.867,2.738,2.906,2.676,3.34K,5.52%
26/08/25,2.717,2.711,2.742,2.654,70.24K,0.78%
25/08/25,2.696,2.639,2.717,2.622,60.32K,-0.07%
22/08/25,2.698,2.813,2.819,2.689,79.36K,-4.53%
21/08/25,2.826,2.765,2.849,2.74,115.27K,-0.56%
20/08/25,2.842,2.857,2.869,2.82,113.08K,-0.70%
19/08/25,2.862,3.009,3.009,2.827,154.55K,-4.34%
18/08/25,2.992,2.985,3.025,2.911,95.61K,2.61%
15/08/25,2.916,2.85,2.966,2.836,132.78K,2.64%
14/08/25,2.841,2.818,2.852,2.774,138.65K,0.46%
13/08/25,2.828,2.784,2.851,2.764,179.25K,0.71%
12/08/25,2.808,2.978,2.985,2.774,219.06K,-4.94%
11/08/25,2.954,2.895,3,2.881,156.87K,-1.20%
08/08/25,2.99,3.086,3.106,2.96,164.26K,-2.51%
07/08/25,3.067,3.099,3.148,3.035,171.66K,-0.32%
06/08/25,3.077,3.015,3.096,2.945,133.71K,2.23%
05/08/25,3.01,2.946,3.041,2.929,134.13K,2.66%
04/08/25,2.932,3.065,3.078,2.895,167.44K,-4.90%
01/08/25,3.083,3.1,3.131,3.051,102.38K,-0.74%
31/07/25,3.106,3.026,3.114,2.972,168.40K,2.00%
30/07/25,3.045,3.164,3.186,3.014,126.25K,-1.17%
29/07/25,3.081,3.034,3.112,3.011,2.37K,3.11%
28/07/25,2.988,3.093,3.14,2.984,69.85K,-3.92%
25/07/25,3.11,3.11,3.145,3.068,39.12K,0.52%
24/07/25,3.094,3.07,3.166,3.065,75.36K,0.55%
23/07/25,3.077,3.253,3.267,3.061,158.44K,-6.39%
22/07/25,3.287,3.342,3.36,3.247,122.26K,-2.06%
21/07/25,3.356,3.506,3.512,3.319,143.80K,-5.86%
18/07/25,3.565,3.519,3.628,3.494,123.96K,0.65%
17/07/25,3.542,3.557,3.629,3.511,108.57K,-0.25%
16/07/25,3.551,3.519,3.598,3.491,116.04K,0.79%
15/07/25,3.523,3.447,3.542,3.401,132.96K,1.64%
14/07/25,3.466,3.404,3.499,3.383,149.46K,4.59%
11/07/25,3.314,3.365,3.418,3.293,130.29K,-0.69%
10/07/25,3.337,3.208,3.398,3.191,163.04K,3.83%
09/07/25,3.214,3.348,3.359,3.149,217.20K,-3.77%
08/07/25,3.34,3.406,3.469,3.325,130.24K,-2.11%
07/07/25,3.412,3.344,3.472,3.275,163.40K,0.65%
04/07/25,3.39,3.418,3.434,3.368,16.62K,-0.56%
03/07/25,3.409,3.5,3.574,3.392,147.83K,-2.26%
02/07/25,3.488,3.417,3.52,3.366,115.61K,2.14%
01/07/25,3.415,3.453,3.468,3.293,177.01K,-1.19%
30/06/25,3.456,3.735,3.738,3.421,212.92K,-7.57%
27/06/25,3.739,3.53,3.751,3.513,153.06K,14.66%
26/06/25,3.261,3.394,3.425,3.199,5.53K,-4.26%
25/06/25,3.406,3.549,3.587,3.372,74.50K,-3.70%
24/06/25,3.537,3.681,3.684,3.53,70.98K,-4.35%
23/06/25,3.698,3.949,3.949,3.666,102.70K,-6.36%
20/06/25,3.949,4.077,4.23,3.918,150.78K,-3.35%
19/06/25,4.086,4.083,4.102,3.966,36.51K,0.22%
18/06/25,4.077,3.963,4.092,3.918,171.19K,3.24%
17/06/25,3.949,3.836,3.975,3.818,86.01K,2.73%
16/06/25,3.844,3.773,3.855,3.732,85.97K,7.34%
13/06/25,3.581,3.541,3.623,3.499,133.29K,2.55%
12/06/25,3.492,3.519,3.644,3.466,220.85K,-0.43%
11/06/25,3.507,3.526,3.626,3.453,211.74K,-0.74%
10/06/25,3.533,3.612,3.662,3.515,179.31K,-2.81%
09/06/25,3.635,3.719,3.769,3.581,215.68K,-3.94%
06/06/25,3.784,3.653,3.817,3.649,180.63K,2.91%
05/06/25,3.677,3.703,3.791,3.62,208.76K,-1.05%
04/06/25,3.716,3.729,3.74,3.661,126.09K,-0.16%
03/06/25,3.722,3.748,3.764,3.63,139.41K,0.76%
02/06/25,3.694,3.501,3.75,3.501,199.98K,7.17%
30/05/25,3.447,3.535,3.564,3.44,131.55K,-2.13%
29/05/25,3.522,3.535,3.576,3.437,180.66K,9.93%
28/05/25,3.204,3.405,3.511,3.152,2.54K,-5.71%
27/05/25,3.398,3.376,3.445,3.214,55.90K,-7.34%
26/05/25,3.667,3.672,3.758,3.643,17.95K,-2.27%
25/05/25,3.752,3.786,3.803,3.745,,12.54%
23/05/25,3.334,3.283,3.35,3.217,60.60K,2.49%
22/05/25,3.253,3.356,3.381,3.238,91.99K,-12.95%
21/05/25,3.737,3.759,3.84,3.678,118.67K,-0.80%
20/05/25,3.767,3.445,3.795,3.444,195.65K,9.13%
19/05/25,3.452,3.64,3.64,3.436,150.36K,3.54%
16/05/25,3.334,3.372,3.449,3.305,141.33K,-0.83%
15/05/25,3.362,3.467,3.499,3.335,152.65K,-3.72%
14/05/25,3.492,3.622,3.635,3.454,119.95K,-4.25%
13/05/25,3.647,3.677,3.728,3.57,130.02K,0.03%
12/05/25,3.646,3.775,3.84,3.608,163.73K,-3.93%
09/05/25,3.795,3.621,3.815,3.613,174.97K,5.65%
08/05/25,3.592,3.632,3.723,3.527,158.75K,-0.80%
07/05/25,3.621,3.487,3.656,3.487,162.37K,4.56%
06/05/25,3.463,3.568,3.648,3.423,200.86K,-2.45%
05/05/25,3.55,3.671,3.747,3.531,161.32K,-2.20%
02/05/25,3.63,3.446,3.673,3.418,140.95K,4.34%
01/05/25,3.479,3.353,3.54,3.34,159.64K,4.60%
30/04/25,3.326,3.38,3.399,3.26,145.96K,-1.77%
29/04/25,3.386,3.32,3.457,3.307,156.57K,6.81%
28/04/25,3.17,2.884,3.187,2.859,2.17K,7.93%
25/04/25,2.937,2.939,2.983,2.868,58.82K,0.24%
24/04/25,2.93,3.011,3.016,2.858,66.98K,-3.04%
23/04/25,3.022,3.046,3.074,2.967,86.14K,0.50%
22/04/25,3.007,3.051,3.095,2.955,133.98K,-5.35%
21/04/25,3.177,3.367,3.391,3.155,117.68K,-2.10%
17/04/25,3.245,3.262,3.334,3.191,145.61K,-0.06%
16/04/25,3.247,3.318,3.318,3.204,150.41K,-2.46%
15/04/25,3.329,3.345,3.378,3.216,143.59K,0.12%
14/04/25,3.325,3.5,3.613,3.312,160.23K,-5.73%
11/04/25,3.527,3.52,3.576,3.394,181.63K,-0.84%
10/04/25,3.557,3.747,3.751,3.466,260.68K,-6.79%
09/04/25,3.816,3.481,3.829,3.336,359.06K,10.13%
08/04/25,3.465,3.63,3.783,3.462,278.15K,-5.20%
07/04/25,3.655,3.811,3.939,3.6,298.84K,-4.74%
04/04/25,3.837,4.119,4.153,3.811,246.55K,-7.27%
03/04/25,4.138,4.011,4.203,3.968,165.41K,2.05%
02/04/25,4.055,3.95,4.089,3.935,141.24K,2.63%
01/04/25,3.951,4.132,4.148,3.934,156.69K,-4.08%
31/03/25,4.119,4.176,4.253,4.055,171.86K,1.33%
28/03/25,4.065,3.915,4.1,3.836,176.36K,2.91%
27/03/25,3.95,3.859,4.016,3.689,5.09K,2.31%
26/03/25,3.861,3.866,3.93,3.813,52.75K,0.55%
25/03/25,3.84,3.909,3.99,3.796,50.29K,-1.89%
24/03/25,3.914,3.88,4.012,3.862,78.99K,-2.73%
21/03/25,4.024,4.035,4.089,3.931,118.07K,-0.35%
20/03/25,4.038,4.28,4.312,4.027,141.55K,-6.38%
19/03/25,4.313,4.11,4.322,4.102,113.39K,4.96%
18/03/25,4.109,4.073,4.185,4.041,95.98K,0.56%
17/03/25,4.086,4.187,4.278,4.046,88.75K,-0.44%
14/03/25,4.104,4.04,4.141,3.962,144.41K,-0.17%
13/03/25,4.111,4.032,4.195,3.955,227.07K,0.66%
12/03/25,4.084,4.346,4.379,4.029,224.05K,-8.29%
11/03/25,4.453,4.461,4.588,4.334,192.16K,-0.85%
10/03/25,4.491,4.467,4.901,4.447,221.48K,2.09%
07/03/25,4.399,4.286,4.426,4.132,211.90K,2.25%
06/03/25,4.302,4.466,4.471,4.254,202.48K,-3.33%
05/03/25,4.45,4.317,4.518,4.227,224.57K,2.30%
04/03/25,4.35,4.168,4.551,4.056,350.51K,5.53%
03/03/25,4.122,3.779,4.173,3.742,269.84K,7.51%
28/02/25,3.834,3.939,3.954,3.814,141.99K,-2.54%
27/02/25,3.934,3.966,4.065,3.878,171.40K,0.72%
26/02/25,3.906,4.13,4.212,3.86,2.24K,-6.42%
25/02/25,4.174,3.987,4.186,3.935,91.53K,4.51%
24/02/25,3.994,4.065,4.09,3.906,82.87K,-5.67%
21/02/25,4.234,4.174,4.444,4.148,164.32K,1.97%
20/02/25,4.152,4.381,4.476,4.034,211.82K,-1.26%
19/02/25,4.205,3.974,4.289,3.911,247.32K,5.73%
18/02/25,3.977,3.61,3.981,3.557,203.90K,6.77%
14/02/25,3.725,3.65,3.801,3.635,201.10K,2.67%
13/02/25,3.628,3.591,3.786,3.583,305.90K,1.77%
12/02/25,3.565,3.51,3.583,3.469,194.73K,1.31%
11/02/25,3.519,3.442,3.576,3.431,219.16K,2.18%
10/02/25,3.444,3.406,3.487,3.352,203.92K,4.08%
07/02/25,3.309,3.38,3.435,3.296,188.70K,-2.90%
06/02/25,3.408,3.355,3.434,3.303,177.67K,1.43%
05/02/25,3.36,3.229,3.375,3.161,170.26K,3.29%
04/02/25,3.253,3.327,3.35,3.168,182.53K,-2.95%
03/02/25,3.352,3.23,3.407,3.23,273.51K,10.12%
31/01/25,3.044,3.081,3.118,2.99,138.21K,-0.10%
30/01/25,3.047,3.175,3.24,3.035,201.74K,-13.80%
29/01/25,3.535,3.335,3.588,3.313,3.30K,1.84%
28/01/25,3.471,3.699,3.72,3.361,63.82K,-6.11%
27/01/25,3.697,3.785,3.827,3.609,66.94K,-8.19%
24/01/25,4.027,3.933,4.05,3.808,87.57K,2.08%
23/01/25,3.945,4.001,4.048,3.861,120.84K,12.52%
22/01/25,3.506,3.371,3.532,3.321,138.13K,4.88%
21/01/25,3.343,3.392,3.466,3.334,161.48K,-15.32%
17/01/25,3.948,4.28,4.308,3.91,204.28K,-7.28%
16/01/25,4.258,4.13,4.328,4.018,193.02K,4.29%
15/01/25,4.083,3.955,4.141,3.859,169.34K,2.90%
14/01/25,3.968,3.93,4.059,3.736,167.42K,0.86%
13/01/25,3.934,4.347,4.369,3.845,195.51K,-1.38%
10/01/25,3.989,3.709,4.018,3.685,229.11K,7.78%
09/01/25,3.701,3.682,3.83,3.552,145.20K,1.37%
08/01/25,3.651,3.448,3.694,3.427,189.26K,5.86%
07/01/25,3.449,3.705,3.738,3.427,182.15K,-6.07%
06/01/25,3.672,3.554,3.726,3.502,228.12K,9.48%
03/01/25,3.354,3.669,3.68,3.33,188.09K,-8.36%
02/01/25,3.66,3.656,3.801,3.541,156.67K,0.74%
31/12/24,3.633,3.915,4.012,3.577,184.55K,-7.70%
30/12/24,3.936,3.657,4.201,3.648,374.32K,12.01%
27/12/24,3.514,3.707,3.887,3.37,2.52K,-5.41%
26/12/24,3.715,3.97,4.01,3.652,67.21K,-5.85%
24/12/24,3.946,3.695,3.958,3.666,66.85K,7.93%
23/12/24,3.656,3.869,3.944,3.581,125.62K,7.15%
20/12/24,3.412,3.327,3.457,3.264,165.73K,3.52%
19/12/24,3.296,3.135,3.338,3.126,132.38K,5.81%
18/12/24,3.115,3.123,3.175,3.084,111.29K,1.14%
17/12/24,3.08,3.03,3.147,2.919,122.87K,13.99%
16/12/24,2.702,2.71,2.727,2.672,89.64K,-17.62%
13/12/24,3.28,3.458,3.489,3.264,213.64K,-5.07%
12/12/24,3.455,3.364,3.559,3.282,328.09K,2.28%
11/12/24,3.378,3.193,3.404,3.181,276.53K,6.80%
10/12/24,3.163,3.189,3.193,3.069,233.88K,-0.60%
09/12/24,3.182,3.26,3.324,3.137,258.43K,3.45%
06/12/24,3.076,3.087,3.108,3.004,188.69K,-0.10%
05/12/24,3.079,3.071,3.155,3.035,183.89K,1.18%
04/12/24,3.043,3.048,3.088,2.977,171.70K,0.03%
03/12/24,3.042,3.207,3.217,3.03,184.35K,-5.32%
02/12/24,3.213,3.22,3.279,3.148,208.65K,-4.46%
29/11/24,3.363,3.195,3.384,3.175,163.06K,4.96%
27/11/24,3.204,3.468,3.47,3.189,214.29K,-6.62%
26/11/24,3.431,3.33,3.5,3.255,3.24K,1.84%
25/11/24,3.369,3.356,3.461,3.264,108.49K,7.67%
22/11/24,3.129,3.39,3.563,3.071,95.81K,-6.29%
21/11/24,3.339,3.216,3.451,3.195,192.16K,4.57%
20/11/24,3.193,2.962,3.237,2.942,225.69K,-1.08%
19/11/24,3.228,3.166,3.28,3.132,170.83K,1.32%
18/11/24,3.186,3.198,3.22,3.088,167.48K,2.91%
15/11/24,3.096,3.037,3.113,2.975,123.42K,1.38%
14/11/24,3.054,3.201,3.201,3.036,149.36K,-4.62%
13/11/24,3.202,3.137,3.234,3.057,161.61K,2.20%
12/11/24,3.133,3.155,3.216,3.081,176.30K,0.22%
11/11/24,3.126,3.013,3.169,3.009,146.08K,6.98%
08/11/24,2.922,2.952,3.002,2.905,105.68K,-0.88%
07/11/24,2.948,2.966,3.029,2.915,103.38K,-1.96%
06/11/24,3.007,2.948,3.05,2.921,95.62K,2.42%
05/11/24,2.936,3.042,3.07,2.915,93.38K,-3.29%
04/11/24,3.036,2.849,3.053,2.8,109.06K,3.41%
01/11/24,2.936,2.965,2.983,2.908,102.07K,-1.08%
31/10/24,2.968,3.073,3.087,2.958,119.05K,-4.29%
30/10/24,3.101,3.169,3.171,3.032,91.51K,8.46%
29/10/24,2.859,2.841,2.908,2.794,143.88K,-0.14%
28/10/24,2.863,3.044,3.044,2.801,253.31K,-7.41%
25/10/24,3.092,3.017,3.101,2.967,144.71K,2.45%
24/10/24,3.018,2.952,3.062,2.903,199.16K,4.03%
23/10/24,2.901,2.878,2.98,2.848,121.31K,0.21%
22/10/24,2.895,2.85,2.92,2.787,142.72K,3.14%
21/10/24,2.807,2.74,2.862,2.712,111.07K,1.52%
18/10/24,2.765,2.829,2.842,2.762,128.38K,-2.30%
17/10/24,2.83,2.851,2.892,2.819,103.63K,-0.39%
16/10/24,2.841,2.937,2.942,2.83,121.63K,-3.50%
15/10/24,2.944,2.922,3.001,2.882,94.81K,0.48%
14/10/24,2.93,3.03,3.039,2.915,80.92K,-3.84%
11/10/24,3.047,3.115,3.146,3.03,81.89K,-1.77%
10/10/24,3.102,3.099,3.128,3.048,94.80K,-0.45%
09/10/24,3.116,3.176,3.185,3.084,88.81K,-2.59%
08/10/24,3.199,3.202,3.23,3.162,75.26K,-0.59%
07/10/24,3.218,3.282,3.316,3.197,104.32K,-2.63%
04/10/24,3.305,3.37,3.406,3.288,83.10K,-1.90%
03/10/24,3.369,3.329,3.387,3.303,59.49K,2.18%
02/10/24,3.297,3.288,3.378,3.272,63.44K,0.27%
01/10/24,3.288,3.33,3.338,3.253,69.60K,-1.70%
30/09/24,3.345,3.302,3.368,3.274,67.90K,1.24%
27/09/24,3.304,3.173,3.332,3.145,78.66K,20.01%
26/09/24,2.753,2.829,2.883,2.731,187.37K,-2.27%
25/09/24,2.817,2.814,2.887,2.795,183.26K,0.93%
24/09/24,2.791,2.861,2.895,2.776,153.22K,-2.21%
23/09/24,2.854,2.735,2.874,2.728,212.24K,4.97%
20/09/24,2.719,2.603,2.743,2.582,183.09K,4.78%
19/09/24,2.595,2.568,2.604,2.505,138.18K,1.17%
18/09/24,2.565,2.606,2.656,2.56,95.43K,-1.84%
17/09/24,2.613,2.645,2.691,2.603,118.35K,-0.99%
16/09/24,2.639,2.58,2.656,2.547,108.85K,1.93%
13/09/24,2.589,2.638,2.666,2.575,109.16K,-1.67%
12/09/24,2.633,2.583,2.666,2.533,138.04K,2.17%
11/09/24,2.577,2.538,2.597,2.513,114.66K,1.26%
10/09/24,2.545,2.516,2.58,2.497,111.76K,0.71%
09/09/24,2.527,2.557,2.581,2.506,109.25K,-2.70%
06/09/24,2.597,2.58,2.615,2.561,60.76K,0.70%
05/09/24,2.579,2.503,2.614,2.482,74.26K,2.91%
04/09/24,2.506,2.541,2.612,2.499,62.74K,-1.73%
03/09/24,2.55,2.512,2.571,2.439,97.33K,2.08%
30/08/24,2.498,2.535,2.553,2.479,66.97K,-1.23%
29/08/24,2.529,2.524,2.552,2.454,62.68K,20.60%
28/08/24,2.097,2.085,2.14,2.021,165.22K,0.58%
27/08/24,2.085,2.123,2.126,2.045,182.03K,-2.11%
26/08/24,2.13,2.16,2.186,2.114,121.32K,-2.29%
23/08/24,2.18,2.201,2.211,2.154,112.32K,-0.64%
22/08/24,2.194,2.328,2.337,2.167,166.91K,-5.19%
21/08/24,2.314,2.333,2.364,2.271,105.72K,-0.69%
20/08/24,2.33,2.367,2.401,2.301,100.47K,-1.15%
19/08/24,2.357,2.25,2.374,2.225,133.82K,4.90%
16/08/24,2.247,2.341,2.343,2.237,107.16K,-3.64%
15/08/24,2.332,2.345,2.421,2.317,121.87K,-0.47%
14/08/24,2.343,2.288,2.395,2.272,126.59K,2.76%
13/08/24,2.28,2.324,2.373,2.267,119.24K,-2.65%
12/08/24,2.342,2.311,2.394,2.301,99.38K,2.18%
09/08/24,2.292,2.29,2.333,2.247,103.64K,0.97%
08/08/24,2.27,2.228,2.321,2.161,135.05K,1.38%
07/08/24,2.239,2.133,2.247,2.125,118.66K,5.56%
06/08/24,2.121,2.058,2.14,2.015,83.46K,3.72%
05/08/24,2.045,2.069,2.083,1.991,69.66K,-1.59%
02/08/24,2.078,2.114,2.147,2.041,87.31K,-0.86%
01/08/24,2.096,2.158,2.243,2.093,97.44K,-3.05%
31/07/24,2.162,2.241,2.261,2.149,79.09K,-3.65%
30/07/24,2.244,2.189,2.252,2.113,71.34K,10.22%
29/07/24,2.036,2.053,2.102,1.999,162.68K,-0.73%
26/07/24,2.051,2.082,2.096,2.039,149.81K,-1.01%
25/07/24,2.072,2.161,2.193,2.064,158.13K,-3.99%
24/07/24,2.158,2.19,2.208,2.139,133.12K,-2.97%
23/07/24,2.224,2.279,2.29,2.16,127.42K,-2.71%
22/07/24,2.286,2.145,2.302,2.131,141.07K,5.59%
19/07/24,2.165,2.128,2.179,2.095,101.00K,-0.14%
18/07/24,2.168,2.088,2.172,2.063,147.92K,4.68%
17/07/24,2.071,2.203,2.224,2.055,187.04K,-6.12%
16/07/24,2.206,2.189,2.235,2.171,121.32K,1.29%
15/07/24,2.178,2.283,2.284,2.167,162.46K,-6.56%
12/07/24,2.331,2.287,2.357,2.252,101.06K,2.15%
11/07/24,2.282,2.339,2.353,2.277,100.06K,-2.69%
10/07/24,2.345,2.366,2.396,2.313,107.30K,-0.64%
09/07/24,2.36,2.384,2.454,2.351,106.05K,-0.92%
08/07/24,2.382,2.3,2.417,2.3,126.72K,1.36%
05/07/24,2.35,2.459,2.466,2.347,98.43K,-0.89%
04/07/24,2.371,2.431,2.439,2.335,,-3.11%
03/07/24,2.447,2.485,2.503,2.434,70.97K,-0.29%
02/07/24,2.454,2.482,2.497,2.436,96.17K,-1.52%
01/07/24,2.492,2.581,2.599,2.474,107.00K,-4.08%
28/06/24,2.598,2.694,2.749,2.591,80.15K,-2.88%
27/06/24,2.675,2.725,2.773,2.665,61.99K,-2.55%
26/06/24,2.745,2.85,2.863,2.731,141.35K,-4.12%
25/06/24,2.863,2.943,2.951,2.831,158.42K,-2.88%
24/06/24,2.948,2.813,2.953,2.78,139.60K,3.95%
21/06/24,2.836,2.838,2.888,2.793,104.88K,-0.63%
20/06/24,2.854,2.995,3.027,2.833,131.81K,-2.13%
19/06/24,2.916,2.904,2.928,2.859,,-2.47%
18/06/24,2.99,2.87,2.997,2.858,91.14K,4.29%
17/06/24,2.867,2.93,2.93,2.837,96.87K,-3.24%
14/06/24,2.963,3,3.068,2.95,80.26K,-2.44%
13/06/24,3.037,3.104,3.167,2.978,94.27K,-2.72%
12/06/24,3.122,3.194,3.194,3.073,101.31K,-2.22%
11/06/24,3.193,3.046,3.221,3.031,85.32K,7.26%
10/06/24,2.977,3.055,3.163,2.945,106.18K,-0.63%
07/06/24,2.996,2.883,3.037,2.871,93.24K,3.60%
06/06/24,2.892,2.829,2.946,2.796,73.60K,2.26%
05/06/24,2.828,2.694,2.854,2.681,76.26K,5.92%
04/06/24,2.67,2.814,2.874,2.656,87.22K,-4.78%
03/06/24,2.804,2.716,2.85,2.688,99.26K,5.33%
31/05/24,2.662,2.647,2.701,2.605,61.48K,0.57%
30/05/24,2.647,2.715,2.731,2.637,73.51K,-0.71%
29/05/24,2.666,2.836,2.848,2.655,161.40K,-5.63%
28/05/24,2.825,2.761,2.853,2.732,211.82K,1.62%
27/05/24,2.78,2.747,2.853,2.742,,1.16%
26/05/24,2.748,2.747,2.76,2.732,,-0.90%
24/05/24,2.773,2.938,2.965,2.759,165.96K,-5.13%
23/05/24,2.923,3.004,3.161,2.896,274.51K,-4.23%
22/05/24,3.052,2.834,3.06,2.786,213.50K,7.50%
21/05/24,2.839,2.891,2.945,2.802,156.13K,-2.14%
20/05/24,2.901,2.815,2.905,2.785,172.08K,4.02%
17/05/24,2.789,2.681,2.809,2.673,146.53K,3.80%
16/05/24,2.687,2.622,2.753,2.609,152.35K,2.13%
15/05/24,2.631,2.559,2.637,2.542,129.40K,2.81%
14/05/24,2.559,2.576,2.61,2.52,104.01K,-1.08%
13/05/24,2.587,2.477,2.59,2.447,119.01K,4.15%
10/05/24,2.484,2.539,2.567,2.473,119.37K,-2.09%
09/05/24,2.537,2.47,2.561,2.438,160.91K,2.55%
08/05/24,2.474,2.479,2.533,2.45,111.54K,0.12%
07/05/24,2.471,2.476,2.493,2.423,92.67K,0.32%
06/05/24,2.463,2.439,2.521,2.396,100.91K,1.95%
03/05/24,2.416,2.333,2.43,2.305,104.78K,3.65%
02/05/24,2.331,2.263,2.344,2.261,70.43K,2.87%
01/05/24,2.266,2.285,2.3,2.255,74.76K,-2.29%
30/04/24,2.319,2.394,2.42,2.287,80.03K,-2.28%
29/04/24,2.373,2.282,2.391,2.279,80.44K,23.40%
26/04/24,1.923,1.977,2.002,1.909,119.52K,-3.17%
25/04/24,1.986,1.969,1.993,1.926,158.31K,0.35%
24/04/24,1.979,2.128,2.133,1.96,182.16K,-5.49%
23/04/24,2.094,2.07,2.14,2.018,150.38K,1.40%
22/04/24,2.065,1.988,2.072,1.961,116.22K,3.87%
19/04/24,1.988,1.974,2.029,1.951,112.54K,0.10%
18/04/24,1.986,1.971,2.004,1.964,106.14K,1.22%
17/04/24,1.962,1.94,1.976,1.914,97.83K,-1.31%
16/04/24,1.988,1.946,2.046,1.907,133.97K,2.16%
15/04/24,1.946,2.035,2.052,1.931,105.81K,-4.09%
12/04/24,2.029,2.005,2.043,1.973,94.17K,1.45%
11/04/24,2,2.061,2.074,1.992,120.91K,-3.57%
10/04/24,2.074,2.085,2.118,2.054,86.43K,0.48%
09/04/24,2.064,2.046,2.11,2.037,109.83K,0.63%
08/04/24,2.051,1.996,2.057,1.975,96.95K,2.04%
05/04/24,2.01,2.001,2.036,1.972,75.18K,0.65%
04/04/24,1.997,2.068,2.074,1.992,93.95K,-3.39%
03/04/24,2.067,2.093,2.136,2.06,56.65K,-1.81%
02/04/24,2.105,2.075,2.115,2.018,66.68K,1.49%
01/04/24,2.074,1.999,2.088,1.958,67.72K,3.86%
28/03/24,1.997,1.954,2.017,1.928,45.87K,2.25%
27/03/24,1.953,2.012,2.014,1.943,47.25K,9.23%
26/03/24,1.788,1.805,1.83,1.775,123.17K,-0.06%
25/03/24,1.789,1.817,1.825,1.758,147.53K,-1.27%
22/03/24,1.812,1.838,1.859,1.791,105.07K,-1.04%
21/03/24,1.831,1.839,1.855,1.797,143.83K,-0.76%
20/03/24,1.845,1.882,1.9,1.824,136.83K,-1.65%
19/03/24,1.876,1.844,1.89,1.832,122.80K,2.35%
18/03/24,1.833,1.824,1.884,1.801,118.33K,2.46%
15/03/24,1.789,1.875,1.893,1.781,137.15K,-3.92%
14/03/24,1.862,1.791,1.884,1.761,136.51K,4.37%
13/03/24,1.784,1.822,1.833,1.766,157.54K,-2.14%
12/03/24,1.823,1.855,1.921,1.8,169.86K,-2.09%
11/03/24,1.862,1.92,1.961,1.852,137.93K,-3.17%
08/03/24,1.923,1.942,1.955,1.896,131.96K,-1.49%
07/03/24,1.952,2.075,2.087,1.926,142.91K,-5.79%
06/03/24,2.072,2.088,2.115,2.061,72.08K,-1.10%
05/03/24,2.095,2.076,2.152,2.039,82.94K,1.06%
04/03/24,2.073,2.012,2.132,2.011,116.37K,4.96%
01/03/24,1.975,1.993,2.021,1.948,65.21K,-1.64%
29/02/24,2.008,2.044,2.064,1.988,97.38K,-2.14%
28/02/24,2.052,1.965,2.071,1.94,87.15K,13.50%
27/02/24,1.808,1.751,1.838,1.71,179.94K,3.67%
26/02/24,1.744,1.75,1.834,1.716,235.21K,2.65%
23/02/24,1.699,1.817,1.819,1.683,161.17K,-7.26%
22/02/24,1.832,1.863,1.868,1.752,183.31K,-1.66%
21/02/24,1.863,1.792,1.877,1.749,233.77K,13.18%
20/02/24,1.646,1.62,1.783,1.6,178.44K,5.65%
19/02/24,1.558,1.552,1.583,1.54,,0.45%
18/02/24,1.551,1.527,1.565,1.527,,-7.68%
16/02/24,1.68,1.654,1.704,1.638,146.71K,2.00%
15/02/24,1.647,1.672,1.718,1.633,142.08K,-1.08%
14/02/24,1.665,1.725,1.744,1.64,162.74K,-4.42%
13/02/24,1.742,1.793,1.826,1.707,195.55K,-3.22%
12/02/24,1.8,1.841,1.89,1.77,154.30K,-4.51%
09/02/24,1.885,1.915,1.921,1.852,141.20K,-3.23%
08/02/24,1.948,1.981,1.994,1.9,130.05K,-1.62%
07/02/24,1.98,2,2.035,1.967,108.62K,-1.35%
06/02/24,2.007,2.054,2.072,1.996,85.69K,-3.23%
05/02/24,2.074,2.114,2.13,2.045,72.51K,-0.58%
02/02/24,2.086,2.067,2.106,2.034,61.51K,1.07%
01/02/24,2.064,2.151,2.177,2.047,90.38K,-2.69%
31/01/24,2.121,2.112,2.175,2.063,63.90K,0.81%
30/01/24,2.104,2.095,2.143,2.082,71.41K,2.43%
29/01/24,2.054,2.159,2.166,2.047,164.62K,-5.56%
26/01/24,2.175,2.19,2.235,2.093,214.99K,-0.23%
25/01/24,2.18,2.288,2.334,2.158,188.52K,-3.63%
24/01/24,2.262,2.213,2.29,2.19,182.13K,4.38%
23/01/24,2.167,2.133,2.194,2.079,141.10K,1.98%
22/01/24,2.125,2.165,2.187,2.114,184.49K,-5.64%
19/01/24,2.252,2.42,2.421,2.237,169.18K,-6.67%
18/01/24,2.413,2.496,2.496,2.364,138.74K,-3.33%
17/01/24,2.496,2.438,2.516,2.402,126.63K,0.77%
16/01/24,2.477,2.545,2.545,2.409,174.05K,-19.21%
15/01/24,3.066,3.112,3.188,3.055,,-1.45%
14/01/24,3.111,3.104,3.137,3.077,,18.88%
12/01/24,2.617,2.557,2.647,2.543,172.29K,3.03%
11/01/24,2.54,2.551,2.644,2.494,179.05K,-0.86%
10/01/24,2.562,2.697,2.71,2.535,186.15K,-5.01%
09/01/24,2.697,2.565,2.791,2.529,248.56K,3.81%
08/01/24,2.598,2.649,2.654,2.43,173.15K,-0.88%
05/01/24,2.621,2.58,2.631,2.467,118.41K,2.42%
04/01/24,2.559,2.472,2.59,2.467,118.26K,4.53%
03/01/24,2.448,2.381,2.503,2.367,110.28K,2.60%
02/01/24,2.386,2.398,2.467,2.349,83.73K,-10.54%
01/01/24,2.667,2.614,2.67,2.614,,14.61%
29/12/23,2.327,2.371,2.395,2.307,69.88K,-2.10%
28/12/23,2.377,2.302,2.392,2.266,68.45K,-2.46%
27/12/23,2.437,2.429,2.57,2.429,129.27K,0.74%
26/12/23,2.419,2.445,2.445,2.356,114.52K,0.04%
25/12/23,2.418,2.425,2.442,2.415,,-2.89%
22/12/23,2.49,2.465,2.501,2.41,90.40K,1.26%
21/12/23,2.459,2.331,2.492,2.313,139.73K,4.77%
20/12/23,2.347,2.425,2.451,2.317,116.98K,-0.80%
19/12/23,2.366,2.429,2.44,2.288,124.83K,-2.07%
18/12/23,2.416,2.434,2.509,2.411,96.99K,-0.37%
15/12/23,2.425,2.366,2.467,2.327,114.21K,3.32%
14/12/23,2.347,2.309,2.374,2.28,101.86K,2.40%
13/12/23,2.292,2.225,2.342,2.187,148.82K,2.32%
12/12/23,2.24,2.359,2.369,2.223,113.43K,-4.68%
11/12/23,2.35,2.408,2.417,2.217,144.30K,-6.15%
08/12/23,2.504,2.487,2.534,2.459,88.30K,-0.63%
07/12/23,2.52,2.522,2.555,2.436,125.25K,0.12%
06/12/23,2.517,2.658,2.707,2.492,82.95K,-5.62%
05/12/23,2.667,2.655,2.738,2.632,42.49K,0.60%
04/12/23,2.651,2.685,2.704,2.608,53.83K,-4.40%
01/12/23,2.773,2.77,2.801,2.712,48.47K,0.36%
30/11/23,2.763,2.761,2.814,2.724,44.65K,-0.22%
29/11/23,2.769,2.757,2.83,2.728,46.45K,-2.40%
28/11/23,2.837,2.947,2.992,2.786,187.19K,-3.70%
27/11/23,2.946,2.924,2.956,2.867,164.41K,-1.77%
24/11/23,2.999,3.035,3.095,2.933,118.87K,2.35%
23/11/23,2.93,2.88,2.938,2.861,,-3.40%
22/11/23,3.033,2.994,3.055,2.961,139.53K,1.34%
21/11/23,2.993,3.047,3.084,2.986,131.77K,-1.87%
20/11/23,3.05,3.115,3.134,3.04,121.19K,-2.59%
17/11/23,3.131,3.227,3.275,3.068,146.65K,-3.33%
16/11/23,3.239,3.326,3.407,3.188,166.40K,-3.66%
15/11/23,3.362,3.316,3.448,3.269,109.45K,1.39%
14/11/23,3.316,3.435,3.465,3.297,102.15K,-2.47%
13/11/23,3.4,3.313,3.438,3.311,127.12K,3.53%
10/11/23,3.284,3.327,3.343,3.273,87.04K,-1.47%
09/11/23,3.333,3.4,3.426,3.299,111.08K,-1.65%
08/11/23,3.389,3.496,3.514,3.345,131.59K,-2.14%
07/11/23,3.463,3.566,3.593,3.458,124.13K,-2.83%
06/11/23,3.564,3.66,3.693,3.556,105.29K,-6.09%
03/11/23,3.795,3.794,3.856,3.738,53.25K,1.20%
02/11/23,3.75,3.763,3.799,3.673,67.46K,-0.08%
01/11/23,3.753,3.84,3.841,3.684,77.52K,-1.57%
31/10/23,3.813,3.567,3.865,3.558,150.58K,6.24%
30/10/23,3.589,3.639,3.647,3.563,56.27K,3.04%
27/10/23,3.483,3.511,3.643,3.435,140.96K,0.17%
26/10/23,3.477,3.399,3.544,3.363,190.45K,2.99%
25/10/23,3.376,3.331,3.406,3.317,96.49K,1.63%
24/10/23,3.322,3.278,3.349,3.253,114.03K,1.50%
23/10/23,3.273,3.25,3.297,3.216,100.09K,0.46%
20/10/23,3.258,3.324,3.329,3.247,123.46K,-2.04%
19/10/23,3.326,3.485,3.498,3.317,100.08K,-3.96%
18/10/23,3.463,3.45,3.542,3.441,80.98K,-0.14%
17/10/23,3.468,3.481,3.512,3.408,78.13K,-0.32%
16/10/23,3.479,3.539,3.539,3.438,99.21K,-2.93%
13/10/23,3.584,3.636,3.639,3.535,75.91K,-1.51%
12/10/23,3.639,3.659,3.699,3.582,69.22K,-0.52%
11/10/23,3.658,3.679,3.725,3.525,92.68K,-0.03%
10/10/23,3.659,3.642,3.695,3.603,76.43K,0.77%
09/10/23,3.631,3.657,3.756,3.595,84.31K,-0.27%
06/10/23,3.641,3.537,3.659,3.521,106.07K,3.70%
05/10/23,3.511,3.334,3.547,3.324,76.34K,5.75%
04/10/23,3.32,3.307,3.396,3.303,56.63K,0.21%
03/10/23,3.313,3.237,3.327,3.216,41.76K,2.47%
02/10/23,3.233,3.326,3.333,3.224,45.62K,-2.39%
29/09/23,3.312,3.343,3.382,3.255,38.96K,-0.84%
28/09/23,3.34,3.29,3.356,3.269,39.84K,15.21%
27/09/23,2.899,2.858,2.947,2.85,136.01K,1.90%
26/09/23,2.845,2.904,2.906,2.796,167.23K,-2.10%
25/09/23,2.906,2.889,2.937,2.862,105.42K,0.94%
22/09/23,2.879,2.844,2.912,2.834,105.57K,1.37%
21/09/23,2.84,2.925,2.963,2.832,123.55K,-2.77%
20/09/23,2.921,3.009,3.016,2.901,145.73K,-3.47%
19/09/23,3.026,2.994,3.072,2.975,128.38K,0.83%
18/09/23,3.001,2.918,3.009,2.878,115.14K,2.35%
15/09/23,2.932,2.987,2.997,2.927,87.64K,-1.71%
14/09/23,2.983,3.005,3.088,2.975,112.57K,-0.13%
13/09/23,2.987,3.019,3.042,2.953,132.25K,-0.93%
12/09/23,3.015,2.949,3.061,2.93,135.12K,2.66%
11/09/23,2.937,2.971,2.973,2.909,79.98K,-0.98%
08/09/23,2.966,2.946,3.025,2.942,68.75K,0.27%
07/09/23,2.958,2.945,3.004,2.901,73.22K,0.51%
06/09/23,2.943,2.994,3.018,2.92,55.16K,-1.60%
05/09/23,2.991,3.05,3.075,2.976,72.21K,13.00%
04/09/23,2.647,2.671,2.708,2.642,,-0.90%
03/09/23,2.671,2.692,2.694,2.652,,-14.14%
01/09/23,3.111,3.136,3.213,3.096,55.19K,-1.14%
31/08/23,3.147,3.191,3.242,3.117,68.87K,-1.07%
30/08/23,3.181,3.083,3.196,3.039,60.75K,19.50%
29/08/23,2.662,2.685,2.699,2.622,145.38K,-0.11%
28/08/23,2.665,2.74,2.829,2.653,189.03K,0.30%
25/08/23,2.657,2.631,2.679,2.585,99.62K,0.80%
24/08/23,2.636,2.583,2.68,2.529,153.98K,1.70%
23/08/23,2.592,2.654,2.673,2.57,113.80K,-2.26%
22/08/23,2.652,2.732,2.737,2.632,101.07K,-3.32%
21/08/23,2.743,2.71,2.797,2.685,81.30K,1.93%
18/08/23,2.691,2.763,2.774,2.663,92.12K,-2.32%
17/08/23,2.755,2.742,2.795,2.715,77.88K,1.06%
16/08/23,2.726,2.78,2.797,2.705,95.06K,-1.98%
15/08/23,2.781,2.913,2.961,2.765,106.34K,-4.04%
14/08/23,2.898,2.897,2.932,2.851,64.16K,0.56%
11/08/23,2.882,2.89,2.939,2.817,82.58K,0.42%
10/08/23,2.87,3.062,3.089,2.857,102.46K,-5.99%
09/08/23,3.053,2.883,3.096,2.855,138.90K,6.60%
08/08/23,2.864,2.828,2.886,2.783,73.72K,1.81%
07/08/23,2.813,2.681,2.844,2.674,81.54K,4.92%
04/08/23,2.681,2.658,2.72,2.635,38.24K,0.41%
03/08/23,2.67,2.592,2.685,2.58,46.83K,3.25%
02/08/23,2.586,2.689,2.69,2.57,51.00K,-3.22%
01/08/23,2.672,2.747,2.778,2.644,46.74K,-2.52%
31/07/23,2.741,2.768,2.804,2.72,40.53K,-0.44%
28/07/23,2.753,2.717,2.801,2.682,44.86K,6.09%
27/07/23,2.595,2.684,2.691,2.551,166.76K,-3.64%
26/07/23,2.693,2.734,2.759,2.65,139.07K,-1.97%
25/07/23,2.747,2.707,2.771,2.672,146.12K,2.19%
24/07/23,2.688,2.713,2.762,2.661,109.32K,-0.70%
21/07/23,2.707,2.718,2.759,2.684,103.19K,-0.88%
20/07/23,2.731,2.611,2.759,2.599,147.71K,5.65%
19/07/23,2.585,2.612,2.642,2.57,81.16K,-1.26%
18/07/23,2.618,2.529,2.634,2.522,101.52K,4.55%
17/07/23,2.504,2.541,2.569,2.477,90.91K,-1.03%
14/07/23,2.53,2.545,2.592,2.487,115.68K,-0.16%
13/07/23,2.534,2.622,2.631,2.528,120.19K,-2.43%
12/07/23,2.597,2.697,2.712,2.586,99.29K,-3.53%
11/07/23,2.692,2.639,2.716,2.606,81.34K,1.93%
10/07/23,2.641,2.566,2.671,2.562,72.91K,2.76%
07/07/23,2.57,2.623,2.665,2.526,46.47K,-1.12%
06/07/23,2.599,2.637,2.678,2.579,53.43K,-1.66%
05/07/23,2.643,2.694,2.78,2.63,57.57K,-3.93%
04/07/23,2.751,2.689,2.758,2.662,,1.81%
03/07/23,2.702,2.71,2.728,2.661,42.57K,-2.60%
30/06/23,2.774,2.664,2.801,2.629,67.45K,3.08%
29/06/23,2.691,2.642,2.734,2.607,64.21K,0.86%
28/06/23,2.668,2.807,2.878,2.647,137.91K,-4.34%
27/06/23,2.789,2.881,2.895,2.759,167.92K,-3.56%
26/06/23,2.892,2.878,2.936,2.828,153.70K,1.72%
23/06/23,2.843,2.707,2.852,2.611,142.28K,5.14%
22/06/23,2.704,2.675,2.714,2.612,93.24K,1.01%
21/06/23,2.677,2.563,2.684,2.527,96.97K,4.16%
20/06/23,2.57,2.72,2.783,2.562,135.94K,-2.76%
19/06/23,2.643,2.604,2.683,2.569,,1.58%
18/06/23,2.602,2.613,2.623,2.598,,-4.37%
16/06/23,2.721,2.627,2.733,2.594,109.35K,4.29%
15/06/23,2.609,2.424,2.639,2.394,143.19K,8.12%
14/06/23,2.413,2.403,2.455,2.368,81.11K,0.25%
13/06/23,2.407,2.352,2.433,2.344,75.35K,3.04%
12/06/23,2.336,2.38,2.401,2.282,71.02K,0.21%
09/06/23,2.331,2.402,2.415,2.325,69.63K,-4.23%
08/06/23,2.434,2.431,2.469,2.368,79.73K,0.04%
07/06/23,2.433,2.381,2.456,2.369,63.56K,2.18%
06/06/23,2.381,2.391,2.408,2.294,54.08K,0.63%
05/06/23,2.366,2.309,2.435,2.3,50.31K,2.91%
02/06/23,2.299,2.28,2.355,2.258,53.82K,1.14%
01/06/23,2.273,2.349,2.374,2.244,71.61K,-3.60%
31/05/23,2.358,2.395,2.492,2.34,43.88K,-2.40%
30/05/23,2.416,2.502,2.534,2.35,44.29K,2.85%
29/05/23,2.349,2.434,2.447,2.338,,-3.53%
28/05/23,2.435,2.418,2.441,2.417,,0.74%
26/05/23,2.417,2.463,2.479,2.381,140.56K,-2.38%
25/05/23,2.476,2.572,2.607,2.429,167.61K,-3.51%
24/05/23,2.566,2.514,2.575,2.495,111.04K,3.09%
23/05/23,2.489,2.55,2.568,2.484,119.57K,-2.43%
22/05/23,2.551,2.697,2.707,2.512,137.18K,-5.76%
19/05/23,2.707,2.735,2.816,2.682,151.50K,-0.29%
18/05/23,2.715,2.519,2.755,2.488,157.18K,8.21%
17/05/23,2.509,2.524,2.586,2.471,99.22K,-0.99%
16/05/23,2.534,2.533,2.63,2.506,95.02K,-0.31%
15/05/23,2.542,2.445,2.55,2.417,111.08K,4.27%
12/05/23,2.438,2.342,2.495,2.31,131.02K,3.97%
11/05/23,2.345,2.331,2.389,2.31,89.13K,0.39%
10/05/23,2.336,2.415,2.415,2.315,108.74K,-3.75%
09/05/23,2.427,2.416,2.463,2.36,94.18K,0.62%
08/05/23,2.412,2.329,2.424,2.32,91.22K,3.92%
05/05/23,2.321,2.281,2.349,2.233,76.70K,1.04%
04/05/23,2.297,2.347,2.374,2.275,62.91K,-2.67%
03/05/23,2.36,2.428,2.443,2.312,71.92K,-2.36%
02/05/23,2.417,2.501,2.524,2.389,66.07K,-3.24%
01/05/23,2.498,2.568,2.582,2.473,56.18K,-3.10%
28/04/23,2.578,2.538,2.7,2.484,81.15K,1.18%
27/04/23,2.548,2.51,2.567,2.465,54.02K,10.54%
26/04/23,2.305,2.385,2.413,2.274,149.63K,-5.42%
25/04/23,2.437,2.466,2.468,2.368,135.04K,-1.38%
24/04/23,2.471,2.395,2.484,2.364,117.96K,2.62%
21/04/23,2.408,2.374,2.448,2.35,84.07K,-0.78%
20/04/23,2.427,2.361,2.436,2.316,91.51K,1.34%
19/04/23,2.395,2.526,2.543,2.356,97.93K,-4.85%
18/04/23,2.517,2.446,2.533,2.396,76.04K,2.99%
17/04/23,2.444,2.326,2.458,2.326,103.18K,6.03%
14/04/23,2.305,2.209,2.316,2.143,96.78K,4.92%
13/04/23,2.197,2.257,2.302,2.184,94.26K,-3.09%
12/04/23,2.267,2.373,2.384,2.241,113.79K,-3.57%
11/04/23,2.351,2.372,2.42,2.306,92.12K,-0.42%
10/04/23,2.361,2.24,2.419,2.24,91.61K,5.50%
06/04/23,2.238,2.375,2.4,2.22,51.99K,-6.01%
05/04/23,2.381,2.332,2.421,2.3,35.43K,1.58%
04/04/23,2.344,2.348,2.385,2.31,40.30K,0.47%
03/04/23,2.333,2.345,2.398,2.28,49.01K,-5.35%
31/03/23,2.465,2.352,2.488,2.321,43.80K,4.54%
30/03/23,2.358,2.455,2.455,2.336,37.26K,7.97%
29/03/23,2.184,2.161,2.225,2.103,155.18K,1.72%
28/03/23,2.147,2.221,2.26,2.142,156.20K,-3.07%
27/03/23,2.215,2.288,2.299,2.184,143.18K,-6.18%
24/03/23,2.361,2.277,2.382,2.267,122.74K,3.42%
23/03/23,2.283,2.354,2.383,2.263,106.54K,-1.04%
22/03/23,2.307,2.456,2.462,2.287,133.98K,-7.16%
21/03/23,2.485,2.339,2.493,2.24,151.46K,6.61%
20/03/23,2.331,2.46,2.521,2.324,101.86K,-4.70%
17/03/23,2.446,2.638,2.639,2.436,101.40K,-6.85%
16/03/23,2.626,2.59,2.657,2.527,93.85K,3.14%
15/03/23,2.546,2.696,2.71,2.499,117.57K,-5.35%
14/03/23,2.69,2.74,2.789,2.65,75.91K,-1.32%
13/03/23,2.726,2.566,2.751,2.514,112.03K,6.53%
10/03/23,2.559,2.629,2.691,2.554,80.58K,-4.62%
09/03/23,2.683,2.754,2.797,2.614,88.69K,-1.11%
08/03/23,2.713,2.821,2.85,2.687,91.28K,-4.47%
07/03/23,2.84,2.769,2.85,2.673,95.46K,4.03%
06/03/23,2.73,2.954,2.954,2.688,132.81K,-13.09%
03/03/23,3.141,2.916,3.156,2.904,97.38K,8.35%
02/03/23,2.899,2.938,2.994,2.848,61.85K,-1.50%
01/03/23,2.943,2.884,2.969,2.788,89.85K,2.79%
28/02/23,2.863,2.842,2.898,2.701,97.49K,0.35%
27/02/23,2.853,2.811,2.863,2.7,95.21K,11.97%
24/02/23,2.548,2.464,2.587,2.415,168.13K,4.77%
23/02/23,2.432,2.295,2.488,2.235,207.38K,5.83%
22/02/23,2.298,2.188,2.422,2.113,207.99K,5.56%
21/02/23,2.177,2.306,2.373,2.162,175.52K,-6.33%
20/02/23,2.324,2.304,2.373,2.271,,0.82%
19/02/23,2.305,2.303,2.306,2.284,,-2.00%
17/02/23,2.352,2.485,2.521,2.304,132.58K,-5.35%
16/02/23,2.485,2.554,2.635,2.455,101.08K,-2.74%
15/02/23,2.555,2.686,2.693,2.531,106.90K,-3.66%
14/02/23,2.652,2.522,2.7,2.518,120.08K,6.12%
13/02/23,2.499,2.663,2.689,2.473,144.73K,-4.14%
10/02/23,2.607,2.513,2.67,2.475,135.22K,4.61%
09/02/23,2.492,2.497,2.578,2.441,112.91K,0.61%
08/02/23,2.477,2.667,2.734,2.45,93.35K,-7.02%
07/02/23,2.664,2.569,2.69,2.5,119.36K,5.09%
06/02/23,2.535,2.495,2.57,2.447,64.96K,2.22%
03/02/23,2.48,2.525,2.585,2.416,63.36K,-1.67%
02/02/23,2.522,2.579,2.652,2.502,70.79K,-0.55%
01/02/23,2.536,2.789,2.836,2.532,88.09K,-7.48%
31/01/23,2.741,2.738,2.809,2.668,80.03K,0.37%
30/01/23,2.731,2.75,2.807,2.661,61.80K,-4.14%
27/01/23,2.849,2.853,2.908,2.747,128.69K,0.04%
26/01/23,2.848,2.873,2.891,2.68,222.21K,-2.30%
25/01/23,2.915,3.065,3.078,2.86,152.92K,-4.65%
24/01/23,3.057,3.228,3.3,3.031,133.73K,-5.12%
23/01/23,3.222,3.216,3.243,2.992,139.30K,6.13%
20/01/23,3.036,3.076,3.191,2.985,85.86K,-2.82%
19/01/23,3.124,3.1,3.198,3.056,77.46K,0.42%
18/01/23,3.111,3.294,3.332,3.087,85.81K,-4.37%
17/01/23,3.253,3.283,3.44,3.237,97.11K,-11.48%
16/01/23,3.675,3.601,3.696,3.524,,2.05%
15/01/23,3.601,3.591,3.615,3.554,,12.67%
13/01/23,3.196,3.356,3.392,3.169,83.11K,-4.74%
12/01/23,3.355,3.396,3.556,3.309,79.52K,0.27%
11/01/23,3.346,3.289,3.42,3.137,93.60K,0.97%
10/01/23,3.314,3.541,3.549,3.261,74.99K,-6.99%
09/01/23,3.563,3.476,3.714,3.449,95.69K,5.04%
06/01/23,3.392,3.462,3.495,3.283,67.70K,-0.99%
05/01/23,3.426,3.776,3.789,3.414,70.02K,-9.37%
04/01/23,3.78,3.658,3.81,3.595,56.71K,3.82%
03/01/23,3.641,4.005,4.005,3.62,66.04K,-12.12%
02/01/23,4.143,4.222,4.222,4.072,,0.95%
30/12/22,4.104,4.147,4.167,4.015,37.81K,-0.32%
29/12/22,4.117,4.269,4.279,4.02,40.40K,-12.12%
28/12/22,4.685,5.08,5.083,4.462,115.02K,-8.46%
27/12/22,5.118,5.19,5.245,4.99,85.03K,-0.51%
26/12/22,5.144,5.179,5.188,5.037,,3.29%
23/12/22,4.98,5.014,5.139,4.779,87.38K,1.06%
22/12/22,4.928,5.356,5.526,4.905,82.27K,-5.92%
21/12/22,5.238,5.232,5.481,5.175,55.52K,0.42%
20/12/22,5.216,5.678,5.765,5.167,77.84K,-8.65%
19/12/22,5.71,5.935,6.085,5.634,65.66K,-9.41%
16/12/22,6.303,6.539,6.546,5.96,48.45K,-4.34%
15/12/22,6.589,6.174,6.646,6.163,63.69K,5.93%
14/12/22,6.22,6.76,6.764,6.138,52.19K,-7.62%
13/12/22,6.733,6.341,6.871,6.337,55.83K,4.94%
12/12/22,6.416,6.687,6.807,6.32,62.49K,5.49%
09/12/22,6.082,5.792,6.192,5.68,48.19K,4.50%
08/12/22,5.82,5.707,6.007,5.649,49.95K,3.61%
07/12/22,5.617,5.3,5.719,5.298,67.44K,4.44%
06/12/22,5.378,5.542,5.587,5.256,42.69K,-1.93%
05/12/22,5.484,5.85,5.949,5.468,48.48K,-11.10%
02/12/22,6.169,6.714,6.729,6.109,29.96K,-6.97%
01/12/22,6.631,6.839,7.075,6.6,28.55K,-2.74%
30/11/22,6.818,7.1,7.159,6.7,42.66K,-3.75%
29/11/22,7.084,7.12,7.249,6.944,38.40K,-1.56%
28/11/22,7.196,7.301,7.386,6.929,105.91K,-1.83%
25/11/22,7.33,7.727,7.804,7.201,97.87K,2.13%
24/11/22,7.177,7.307,7.404,7.1,,-6.89%
23/11/22,7.708,7.525,8.177,7.505,154.60K,4.08%
22/11/22,7.406,7.183,7.55,6.899,107.98K,2.53%
21/11/22,7.223,6.796,7.273,6.571,84.47K,7.55%
18/11/22,6.716,6.758,6.831,6.425,58.64K,-0.42%
17/11/22,6.744,6.612,6.912,6.554,72.24K,2.07%
16/11/22,6.607,6.503,6.637,6.132,68.55K,3.32%
15/11/22,6.395,6.434,6.531,6.19,42.66K,1.52%
14/11/22,6.299,6.491,6.742,6.26,55.52K,0.57%
11/11/22,6.263,6.54,6.864,6.172,60.95K,-5.29%
10/11/22,6.613,6.299,6.637,6.143,57.65K,6.23%
09/11/22,6.225,6.596,6.745,6.131,84.86K,-4.58%
08/11/22,6.524,7.024,7.162,6.454,89.02K,-9.94%
07/11/22,7.244,7.268,7.501,6.921,92.52K,7.25%
04/11/22,6.754,6.298,6.873,6.267,51.46K,6.70%
03/11/22,6.33,6.522,6.543,6.23,37.80K,-3.93%
02/11/22,6.589,6.179,6.62,6.16,42.31K,8.37%
01/11/22,6.08,6.561,6.565,6.011,67.23K,-7.98%
31/10/22,6.607,6.092,6.617,6.086,64.95K,10.99%
28/10/22,5.953,6.114,6.153,5.824,35.77K,1.33%
27/10/22,5.875,6.19,6.198,5.71,118.81K,-3.99%
26/10/22,6.119,6.259,6.265,5.828,125.69K,-0.76%
25/10/22,6.166,5.739,6.281,5.727,112.87K,7.18%
24/10/22,5.753,5.464,5.844,5.345,87.25K,5.14%
21/10/22,5.472,5.784,5.851,5.393,82.76K,-6.27%
20/10/22,5.838,5.908,6.044,5.738,64.63K,-1.52%
19/10/22,5.928,6.175,6.271,5.893,55.18K,-4.95%
18/10/22,6.237,6.474,6.531,6.15,53.28K,-3.74%
17/10/22,6.479,6.68,6.737,6.382,70.12K,-5.10%
14/10/22,6.827,6.989,7.051,6.772,54.80K,-3.20%
13/10/22,7.053,6.795,7.084,6.672,61.88K,4.24%
12/10/22,6.766,6.945,7.127,6.728,50.20K,-2.34%
11/10/22,6.928,6.891,6.991,6.723,44.66K,2.12%
10/10/22,6.784,6.936,7.205,6.759,51.33K,-3.73%
07/10/22,7.047,7.14,7.226,6.911,45.82K,-2.69%
06/10/22,7.242,7.225,7.436,7.145,40.55K,0.08%
05/10/22,7.236,7.152,7.352,6.984,23.97K,0.86%
04/10/22,7.174,6.86,7.239,6.66,42.93K,5.45%
03/10/22,6.803,7.111,7.111,6.626,35.21K,-3.71%
30/09/22,7.065,7.144,7.322,6.99,36.28K,-1.08%
29/09/22,7.142,7.271,7.37,6.865,23.25K,2.69%
28/09/22,6.955,6.775,7.041,6.562,98.40K,2.88%
27/09/22,6.76,7.055,7.24,6.74,130.92K,-3.62%
26/09/22,7.014,7.017,7.126,6.692,81.08K,0.31%
23/09/22,6.992,7.274,7.374,6.867,123.60K,-2.79%
22/09/22,7.193,7.8,7.825,7.168,94.31K,-8.10%
21/09/22,7.827,7.792,8.179,7.609,60.25K,0.71%
20/09/22,7.772,7.929,8.037,7.703,42.91K,-0.41%
19/09/22,7.804,7.751,7.961,7.455,46.34K,-0.09%
16/09/22,7.811,8.349,8.367,7.766,54.36K,-6.70%
15/09/22,8.372,9.134,9.159,8.26,63.98K,-8.67%
14/09/22,9.167,8.414,9.292,8.376,73.71K,10.00%
13/09/22,8.334,8.434,8.501,8.211,52.48K,0.57%
12/09/22,8.287,8.121,8.447,7.911,61.49K,3.02%
09/09/22,8.044,8.018,8.255,7.946,50.67K,0.92%
08/09/22,7.971,7.9,8.12,7.834,61.12K,0.89%
07/09/22,7.901,8.118,8.355,7.828,47.90K,-3.79%
06/09/22,8.212,9.058,9.176,7.9,59.72K,-5.76%
05/09/22,8.714,8.98,8.995,8.71,,-2.95%
04/09/22,8.979,9.086,9.096,8.946,,1.46%
02/09/22,8.85,9.259,9.31,8.692,35.02K,-5.14%
01/09/22,9.33,9.194,9.454,9.074,42.44K,1.53%
31/08/22,9.189,9.141,9.341,8.879,27.11K,0.94%
30/08/22,9.103,9.318,9.365,8.933,27.72K,-2.50%
29/08/22,9.336,9.605,9.711,8.98,89.28K,0.72%
26/08/22,9.269,9.336,9.64,9.16,83.80K,-0.80%
25/08/22,9.344,9.197,9.392,9.147,56.51K,0.47%
24/08/22,9.3,9.196,9.408,9.063,72.19K,1.58%
23/08/22,9.155,9.78,9.987,9.021,86.53K,-5.10%
22/08/22,9.647,9.159,9.95,9.143,60.48K,3.56%
19/08/22,9.315,9.153,9.37,8.86,41.66K,1.58%
18/08/22,9.17,9.159,9.64,8.862,55.45K,-0.63%
17/08/22,9.228,9.346,9.65,9.1,45.92K,-0.89%
16/08/22,9.311,8.798,9.39,8.773,53.22K,6.88%
15/08/22,8.712,8.668,8.912,8.383,30.13K,-0.37%
12/08/22,8.744,8.706,8.9,8.51,34.10K,-1.34%
11/08/22,8.863,8.21,8.979,8.171,67.20K,8.18%
10/08/22,8.193,7.848,8.254,7.703,45.99K,4.70%
09/08/22,7.825,7.67,7.88,7.618,40.53K,3.26%
08/08/22,7.578,7.85,7.909,7.536,49.58K,-5.88%
05/08/22,8.051,8.142,8.229,7.894,55.05K,-0.78%
04/08/22,8.114,8.279,8.432,7.8,28.70K,-1.79%
03/08/22,8.262,7.666,8.46,7.557,41.58K,7.33%
02/08/22,7.698,8.18,8.196,7.618,36.47K,-6.80%
01/08/22,8.26,7.894,8.276,7.735,34.29K,0.63%
29/07/22,8.208,8.16,8.356,7.995,25.60K,1.11%
28/07/22,8.118,8.6,8.8,8.095,27.79K,-5.10%
27/07/22,8.554,8.701,8.99,8.345,105.22K,-3.07%
26/07/22,8.825,8.667,9.419,8.568,146.56K,2.96%
25/07/22,8.571,8.273,8.704,8.202,79.05K,4.59%
22/07/22,8.195,7.78,8.293,7.652,86.58K,4.86%
21/07/22,7.815,7.769,8.045,7.485,84.55K,-1.06%
20/07/22,7.899,7.2,7.925,7.057,75.27K,10.48%
19/07/22,7.15,7.329,7.453,7.017,58.01K,-3.14%
18/07/22,7.382,7.021,7.46,6.987,52.89K,6.58%
15/07/22,6.926,6.584,7.047,6.351,49.32K,6.37%
14/07/22,6.511,6.544,6.806,6.461,69.08K,-1.18%
13/07/22,6.589,6.125,6.683,6.058,67.36K,9.43%
12/07/22,6.021,6.395,6.647,5.895,73.23K,-4.72%
11/07/22,6.319,6.314,6.59,6.16,70.94K,5.90%
08/07/22,5.967,6.18,6.263,5.948,61.70K,-4.71%
07/07/22,6.262,5.508,6.338,5.464,47.17K,14.23%
06/07/22,5.482,5.43,5.699,5.349,28.36K,-0.09%
05/07/22,5.487,5.679,5.883,5.324,44.02K,-6.25%
04/07/22,5.853,5.712,5.905,5.606,,2.52%
03/07/22,5.709,5.701,5.734,5.678,,-0.05%
01/07/22,5.712,5.599,5.909,5.557,49.27K,5.93%
30/06/22,5.392,6.425,6.575,5.327,74.70K,-16.96%
29/06/22,6.493,6.609,6.812,6.401,34.69K,-1.17%
28/06/22,6.57,6.468,6.738,6.417,90.79K,0.37%
27/06/22,6.546,6.188,6.597,6.065,101.37K,4.22%
24/06/22,6.281,6.26,6.407,6.062,84.61K,-0.03%
23/06/22,6.283,6.829,6.854,6.237,112.23K,-8.57%
22/06/22,6.872,6.816,6.95,6.554,54.83K,1.31%
21/06/22,6.783,6.79,6.948,6.531,67.30K,1.04%
20/06/22,6.713,6.706,6.84,6.635,,0.16%
19/06/22,6.702,6.752,6.758,6.659,,-2.95%
17/06/22,6.906,7.422,7.566,6.852,56.89K,-7.15%
16/06/22,7.438,7.467,7.981,7.305,55.12K,0.43%
15/06/22,7.406,7.259,7.681,7.205,53.88K,3.15%
14/06/22,7.18,8.688,8.885,7.01,137.51K,-16.70%
13/06/22,8.619,8.888,8.968,8.388,71.30K,-2.80%
10/06/22,8.867,9.011,9.161,8.635,61.07K,-1.24%
09/06/22,8.978,8.612,9.041,8.022,104.72K,3.45%
08/06/22,8.679,9.347,9.645,8.447,116.44K,-6.46%
07/06/22,9.278,9.365,9.514,9.187,68.45K,-0.30%
06/06/22,9.306,8.696,9.383,8.696,32.88K,9.35%
03/06/22,8.51,8.406,8.677,8.257,22.80K,0.42%
02/06/22,8.474,8.751,9.04,8.37,29.36K,-2.44%
01/06/22,8.686,8.25,8.779,8.143,29.20K,6.73%
31/05/22,8.138,8.87,8.897,8.111,34.63K,-6.31%
30/05/22,8.686,8.819,8.908,8.598,,-1.46%
29/05/22,8.815,8.829,8.841,8.701,,1.18%
27/05/22,8.712,8.797,8.875,8.275,22.81K,-2.06%
26/05/22,8.895,8.978,9.447,8.626,163.27K,-1.09%
25/05/22,8.993,8.876,9.437,8.798,132.24K,1.78%
24/05/22,8.836,8.819,9.014,8.683,89.42K,0.10%
23/05/22,8.827,8.188,8.906,7.95,87.27K,7.94%
20/05/22,8.178,8.192,8.285,7.943,49.77K,-2.64%
19/05/22,8.4,8.348,8.591,8,69.13K,-0.65%
18/05/22,8.455,8.41,8.64,8.253,44.44K,0.73%
17/05/22,8.394,8.112,8.457,8.112,40.67K,4.23%
16/05/22,8.053,7.826,8.276,7.765,56.71K,3.71%
13/05/22,7.765,7.776,8.022,7.618,57.74K,-0.89%
12/05/22,7.835,7.749,7.884,7.348,62.46K,1.40%
11/05/22,7.727,7.395,7.803,7.385,62.46K,3.48%
10/05/22,7.467,7.108,7.543,6.521,90.33K,5.08%
09/05/22,7.106,7.945,8.37,7.045,120.27K,-12.57%
06/05/22,8.128,8.896,9.052,8.039,81.13K,-8.06%
05/05/22,8.841,8.457,8.965,8.178,49.02K,4.36%
04/05/22,8.472,7.899,8.542,7.815,53.02K,5.57%
03/05/22,8.025,7.656,8.25,7.643,83.05K,6.07%
02/05/22,7.566,7.511,7.701,7.331,73.58K,2.87%
29/04/22,7.355,7.044,7.447,6.919,52.95K,5.16%
28/04/22,6.994,7.494,7.517,6.985,68.51K,-4.70%
27/04/22,7.339,7.009,7.524,6.956,155.33K,5.17%
26/04/22,6.978,6.963,7.175,6.79,135.73K,2.54%
25/04/22,6.805,6.517,7.112,6.471,114.27K,2.13%
22/04/22,6.663,7.076,7.214,6.56,95.25K,-6.10%
21/04/22,7.096,6.954,7.274,6.832,76.73K,0.44%
20/04/22,7.065,7.369,7.496,6.894,78.26K,-2.91%
19/04/22,7.277,7.908,8.075,7.052,98.50K,-8.56%
18/04/22,7.958,7.49,8.197,7.488,94.94K,7.21%
14/04/22,7.423,7.14,7.465,7.064,85.25K,4.61%
13/04/22,7.096,6.791,7.193,6.735,74.25K,4.92%
12/04/22,6.763,6.784,7.025,6.68,76.04K,0.59%
11/04/22,6.723,6.458,6.8,6.327,56.92K,5.77%
08/04/22,6.356,6.484,6.615,6.338,60.00K,-1.24%
07/04/22,6.436,6.189,6.517,6.08,62.49K,5.39%
06/04/22,6.107,6.175,6.469,6.08,56.57K,-0.02%
05/04/22,6.108,5.864,6.277,5.847,53.63K,5.44%
04/04/22,5.793,5.813,5.928,5.728,60.08K,-0.03%
01/04/22,5.795,5.694,5.85,5.575,54.25K,1.65%
31/03/22,5.701,5.631,5.887,5.516,47.66K,0.76%
30/03/22,5.658,5.364,5.677,5.326,39.61K,6.15%
29/03/22,5.33,5.5,5.527,5.316,111.30K,-3.76%
28/03/22,5.538,5.595,5.707,5.452,105.61K,-1.30%
25/03/22,5.611,5.469,5.617,5.386,84.02K,3.03%
24/03/22,5.446,5.158,5.508,5.114,99.25K,3.26%
23/03/22,5.274,5.184,5.364,5.135,63.05K,0.90%
22/03/22,5.227,4.983,5.244,4.907,86.52K,5.94%
21/03/22,4.934,4.927,5.008,4.791,46.28K,0.65%
18/03/22,4.902,4.969,4.989,4.849,46.84K,-2.37%
17/03/22,5.021,4.805,5.031,4.724,60.97K,4.95%
16/03/22,4.784,4.685,4.812,4.645,58.60K,3.62%
15/03/22,4.617,4.722,4.722,4.509,55.85K,-1.81%
14/03/22,4.702,4.749,4.797,4.555,40.01K,-1.34%
11/03/22,4.766,4.696,4.837,4.666,51.22K,2.08%
10/03/22,4.669,4.561,4.707,4.538,54.15K,2.37%
09/03/22,4.561,4.615,4.664,4.488,52.78K,-0.04%
08/03/22,4.563,4.848,4.909,4.541,87.82K,-6.07%
07/03/22,4.858,5.057,5.199,4.809,71.58K,-3.53%
04/03/22,5.036,4.763,5.06,4.758,59.64K,6.33%
03/03/22,4.736,4.813,4.949,4.653,86.53K,-1.07%
02/03/22,4.787,4.631,4.928,4.63,80.45K,4.11%
01/03/22,4.598,4.425,4.649,4.361,61.82K,4.03%
28/02/22,4.42,4.63,4.7,4.392,51.67K,-1.45%
25/02/22,4.485,4.591,4.724,4.435,48.17K,-3.36%
24/02/22,4.641,4.592,4.938,4.555,184.11K,1.05%
23/02/22,4.593,4.466,4.685,4.437,136.53K,2.96%
22/02/22,4.461,4.505,4.746,4.409,141.92K,-5.19%
21/02/22,4.705,4.58,4.745,4.52,,2.75%
20/02/22,4.579,4.529,4.598,4.527,,4.62%
18/02/22,4.377,4.451,4.585,4.306,98.02K,-1.20%
17/02/22,4.43,4.532,4.645,4.343,92.86K,-3.11%
16/02/22,4.572,4.306,4.592,4.279,103.91K,7.80%
15/02/22,4.241,4.147,4.336,4.125,83.26K,1.95%
14/02/22,4.16,4.07,4.186,4.019,71.38K,5.72%
11/02/22,3.935,3.923,4.045,3.872,101.61K,-0.20%
10/02/22,3.943,4,4.033,3.867,76.76K,-0.93%
09/02/22,3.98,4.178,4.229,3.955,78.05K,-5.64%
08/02/22,4.218,4.238,4.343,4.157,76.34K,0.48%
07/02/22,4.198,4.329,4.409,4.1,96.42K,-6.54%
04/02/22,4.492,4.75,4.861,4.41,85.89K,-4.83%
03/02/22,4.72,4.966,5.009,4.617,82.15K,-6.42%
02/02/22,5.044,4.681,5.053,4.664,164.67K,10.30%
01/02/22,4.573,4.696,4.736,4.474,66.06K,-2.18%
31/01/22,4.675,4.637,4.803,4.533,81.26K,4.52%
28/01/22,4.473,4.222,4.629,4.192,137.04K,4.44%
27/01/22,4.283,4,4.42,3.99,193.25K,6.12%
26/01/22,4.036,3.885,4.194,3.856,158.50K,3.65%
25/01/22,3.894,3.811,3.919,3.761,91.17K,0.49%
24/01/22,3.875,3.709,3.912,3.693,90.92K,2.46%
21/01/22,3.782,3.68,3.829,3.669,75.32K,3.64%
20/01/22,3.649,3.834,3.868,3.629,97.44K,-5.10%
19/01/22,3.845,4.071,4.119,3.834,84.60K,-5.01%
18/01/22,4.048,4.143,4.18,4.002,77.07K,-5.33%
17/01/22,4.276,4.33,4.353,4.216,,-1.36%
16/01/22,4.335,4.338,4.35,4.323,,6.22%
14/01/22,4.081,4.01,4.097,3.933,67.72K,1.90%
13/01/22,4.005,4.296,4.329,3.99,115.34K,-7.44%
12/01/22,4.327,3.948,4.356,3.926,125.21K,9.05%
11/01/22,3.968,3.868,3.98,3.787,76.68K,3.50%
10/01/22,3.834,3.91,3.966,3.764,89.08K,2.90%
07/01/22,3.726,3.716,3.803,3.664,66.76K,1.53%
06/01/22,3.67,3.679,3.757,3.647,45.46K,-1.08%
05/01/22,3.71,3.611,3.738,3.591,48.91K,3.57%
04/01/22,3.582,3.674,3.777,3.573,56.26K,-2.61%
03/01/22,3.678,3.554,3.709,3.5,52.87K,3.40%
31/12/21,3.557,3.456,3.627,3.449,56.60K,3.55%
30/12/21,3.435,3.698,3.781,3.416,57.67K,-10.78%
29/12/21,3.85,3.899,4.077,3.813,141.91K,-0.90%
28/12/21,3.885,3.935,4.031,3.805,116.12K,-1.45%
27/12/21,3.942,3.815,3.97,3.632,125.28K,8.60%
23/12/21,3.63,3.86,3.896,3.518,104.37K,-5.96%
22/12/21,3.86,3.774,3.93,3.73,56.48K,2.28%
21/12/21,3.774,3.755,3.835,3.645,70.73K,0.43%
20/12/21,3.758,3.602,3.841,3.592,61.25K,3.27%
17/12/21,3.639,3.734,3.762,3.575,36.91K,-2.05%
16/12/21,3.715,3.786,3.923,3.681,42.23K,-1.22%
15/12/21,3.761,3.746,3.879,3.728,41.60K,1.29%
14/12/21,3.713,3.777,3.804,3.658,44.44K,-1.28%
13/12/21,3.761,3.94,4.042,3.737,57.85K,-3.29%
10/12/21,3.889,3.764,3.927,3.727,44.53K,2.77%
09/12/21,3.784,3.776,3.889,3.686,47.29K,0.26%
08/12/21,3.774,3.692,3.886,3.688,50.87K,2.72%
07/12/21,3.674,3.654,3.792,3.626,53.38K,1.35%
06/12/21,3.625,3.83,3.853,3.601,54.86K,-11.00%
03/12/21,4.073,4.046,4.221,4.01,33.42K,1.90%
02/12/21,3.997,4.202,4.256,3.988,31.76K,-4.56%
01/12/21,4.188,4.547,4.603,4.159,54.91K,-7.06%
30/11/21,4.506,4.792,4.808,4.42,40.53K,-5.49%
29/11/21,4.768,5.135,5.135,4.734,37.74K,-12.95%
26/11/21,5.477,5.069,5.518,5.026,141.78K,7.67%
25/11/21,5.087,5.089,5.136,5.029,,-0.53%
24/11/21,5.114,5.061,5.205,4.945,118.41K,1.57%
23/11/21,5.035,4.865,5.149,4.833,122.01K,3.58%
22/11/21,4.861,4.998,5.047,4.736,111.00K,-5.52%
19/11/21,5.145,4.992,5.237,4.933,69.02K,3.00%
18/11/21,4.995,4.993,5.133,4.935,56.06K,1.65%
17/11/21,4.914,5.248,5.263,4.9,63.70K,-6.76%
16/11/21,5.27,5.145,5.48,5.107,58.88K,3.25%
15/11/21,5.104,4.986,5.15,4.811,49.22K,4.59%
12/11/21,4.88,5.225,5.239,4.85,65.97K,-6.96%
11/11/21,5.245,5.011,5.273,4.987,63.91K,5.45%
10/11/21,4.974,5.061,5.137,4.819,68.03K,-1.89%
09/11/21,5.07,5.487,5.54,5,87.28K,-7.90%
08/11/21,5.505,5.73,5.76,5.481,72.73K,-2.15%
05/11/21,5.626,5.779,5.866,5.609,57.58K,-3.43%
04/11/21,5.826,5.969,5.975,5.653,45.28K,0.80%
03/11/21,5.78,5.645,5.967,5.57,49.76K,2.48%
02/11/21,5.64,5.341,5.659,5.322,48.41K,6.31%
01/11/21,5.305,5.425,5.595,5.238,55.90K,-4.05%
29/10/21,5.529,5.823,5.922,5.504,54.43K,-5.83%
28/10/21,5.871,6.221,6.279,5.809,53.02K,-5.28%
27/10/21,6.198,5.946,6.281,5.886,187.42K,3.25%
26/10/21,6.003,6.119,6.233,5.731,188.89K,-0.88%
25/10/21,6.056,5.629,6.161,5.629,163.91K,10.90%
22/10/21,5.461,5.428,5.59,5.336,89.45K,2.15%
21/10/21,5.346,5.439,5.478,5.24,80.53K,-1.85%
20/10/21,5.447,5.329,5.483,5.194,72.77K,1.81%
19/10/21,5.35,5.22,5.361,5.07,75.30K,2.18%
18/10/21,5.236,5.529,5.588,5.203,84.28K,-6.50%
15/10/21,5.6,5.8,5.94,5.59,93.14K,-4.06%
14/10/21,5.837,5.837,6.111,5.757,74.58K,1.46%
13/10/21,5.753,5.607,5.855,5.511,81.27K,1.59%
12/10/21,5.663,5.564,5.68,5.332,88.31K,2.93%
11/10/21,5.502,5.835,5.945,5.46,61.33K,-3.64%
08/10/21,5.71,5.907,6.021,5.693,48.44K,-1.84%
07/10/21,5.817,5.83,5.965,5.533,65.37K,0.24%
06/10/21,5.803,6.447,6.593,5.79,75.91K,-9.78%
05/10/21,6.432,5.964,6.509,5.927,66.34K,8.91%
04/10/21,5.906,5.78,6.202,5.773,63.78K,2.48%
01/10/21,5.763,6.07,6.141,5.68,62.60K,-3.81%
30/09/21,5.991,5.579,6.126,5.469,74.65K,7.08%
29/09/21,5.595,5.96,6.063,5.542,73.02K,-4.85%
28/09/21,5.88,5.854,6.318,5.647,338.97K,2.60%
27/09/21,5.731,5.26,5.894,5.238,230.18K,10.21%
24/09/21,5.2,5.105,5.241,5.045,130.65K,3.11%
23/09/21,5.043,4.806,5.109,4.793,139.71K,3.87%
22/09/21,4.855,4.842,4.94,4.791,80.22K,0.27%
21/09/21,4.842,4.998,5.083,4.766,104.56K,-3.58%
20/09/21,5.022,5.052,5.209,4.945,85.64K,-2.41%
17/09/21,5.146,5.317,5.435,5.087,81.64K,-4.38%
16/09/21,5.382,5.449,5.642,5.278,108.51K,-2.27%
15/09/21,5.507,5.332,5.695,5.311,145.60K,3.81%
14/09/21,5.305,5.243,5.409,5.217,101.73K,0.61%
13/09/21,5.273,4.987,5.326,4.92,100.81K,6.03%
10/09/21,4.973,5.044,5.095,4.947,78.99K,-1.95%
09/09/21,5.072,4.967,5.092,4.87,111.77K,2.22%
08/09/21,4.962,4.646,5.056,4.633,96.45K,7.52%
07/09/21,4.615,4.756,4.826,4.608,57.21K,-1.66%
06/09/21,4.693,4.724,4.774,4.668,,-0.66%
05/09/21,4.724,4.727,4.742,4.715,,-0.80%
03/09/21,4.762,4.681,4.771,4.642,35.37K,1.49%
02/09/21,4.692,4.689,4.773,4.627,66.87K,0.62%
01/09/21,4.663,4.454,4.751,4.427,88.36K,5.38%
31/08/21,4.425,4.356,4.471,4.273,54.03K,1.51%
30/08/21,4.359,4.535,4.566,4.276,54.98K,-0.66%
27/08/21,4.388,4.237,4.417,4.221,210.96K,4.20%
26/08/21,4.211,3.949,4.251,3.931,242.85K,7.29%
25/08/21,3.925,3.914,4.021,3.877,132.02K,0.23%
24/08/21,3.916,3.947,3.989,3.902,93.96K,-1.11%
23/08/21,3.96,3.867,3.97,3.852,84.45K,2.43%
20/08/21,3.866,3.885,3.967,3.849,93.12K,0.57%
19/08/21,3.844,3.841,3.893,3.751,92.44K,-0.57%
18/08/21,3.866,3.844,3.89,3.801,51.45K,0.39%
17/08/21,3.851,3.951,3.968,3.817,75.97K,-2.75%
16/08/21,3.96,3.86,4.002,3.833,56.01K,2.19%
13/08/21,3.875,3.929,3.964,3.86,65.85K,-1.85%
12/08/21,3.948,4.07,4.078,3.915,102.20K,-3.02%
11/08/21,4.071,4.125,4.142,3.995,81.43K,-0.78%
10/08/21,4.103,4.05,4.139,4.032,73.42K,0.69%
09/08/21,4.075,4.182,4.194,4.016,87.40K,-1.90%
06/08/21,4.154,4.17,4.201,4.108,76.29K,0.14%
05/08/21,4.148,4.155,4.211,4.125,52.28K,-0.36%
04/08/21,4.163,4.068,4.207,4.06,61.46K,3.25%
03/08/21,4.032,3.965,4.079,3.921,60.97K,2.39%
02/08/21,3.938,3.975,4.042,3.93,40.60K,0.46%
30/07/21,3.92,4.054,4.054,3.865,70.97K,-3.45%
29/07/21,4.06,3.945,4.096,3.931,44.91K,2.34%
28/07/21,3.967,3.925,4.025,3.837,134.73K,0.63%
27/07/21,3.942,4.075,4.094,3.907,145.92K,-3.43%
26/07/21,4.082,4,4.165,3.99,138.93K,0.99%
23/07/21,4.042,3.98,4.051,3.955,97.97K,1.51%
22/07/21,3.982,3.9,3.986,3.856,94.47K,1.12%
21/07/21,3.938,3.9,3.943,3.87,88.04K,2.23%
20/07/21,3.852,3.745,3.908,3.716,84.42K,2.61%
19/07/21,3.754,3.687,3.762,3.669,73.76K,2.62%
16/07/21,3.658,3.608,3.669,3.572,51.35K,1.58%
15/07/21,3.601,3.657,3.671,3.592,64.40K,-1.29%
14/07/21,3.648,3.68,3.741,3.611,78.38K,-0.92%
13/07/21,3.682,3.729,3.751,3.658,57.87K,-1.34%
12/07/21,3.732,3.657,3.743,3.608,62.05K,2.05%
09/07/21,3.657,3.663,3.72,3.639,59.82K,-0.27%
08/07/21,3.667,3.559,3.697,3.524,77.65K,2.60%
07/07/21,3.574,3.649,3.677,3.495,53.08K,-0.94%
06/07/21,3.608,3.668,3.789,3.58,62.16K,-4.80%
05/07/21,3.79,3.718,3.797,3.708,,1.91%
04/07/21,3.719,3.701,3.724,3.686,,1.39%
02/07/21,3.668,3.634,3.71,3.571,52.04K,0.99%
01/07/21,3.632,3.727,3.731,3.57,62.96K,0.22%
30/06/21,3.624,3.631,3.782,3.58,80.02K,0.50%
29/06/21,3.606,3.562,3.784,3.55,76.19K,0.36%
28/06/21,3.593,3.525,3.653,3.505,163.57K,2.07%
25/06/21,3.52,3.439,3.538,3.43,137.65K,2.41%
24/06/21,3.437,3.337,3.46,3.318,124.96K,2.54%
23/06/21,3.352,3.281,3.406,3.272,113.65K,2.29%
22/06/21,3.277,3.221,3.304,3.212,66.84K,1.93%
21/06/21,3.215,3.225,3.238,3.165,66.88K,-0.65%
18/06/21,3.236,3.241,3.282,3.192,53.94K,-1.19%
17/06/21,3.275,3.271,3.286,3.21,65.31K,0.12%
16/06/21,3.271,3.24,3.292,3.206,50.98K,0.46%
15/06/21,3.256,3.368,3.385,3.23,70.23K,-3.30%
14/06/21,3.367,3.324,3.378,3.289,56.28K,1.69%
11/06/21,3.311,3.169,3.344,3.164,80.89K,4.58%
10/06/21,3.166,3.167,3.213,3.148,51.46K,0.70%
09/06/21,3.144,3.139,3.18,3.12,43.29K,0.13%
08/06/21,3.14,3.108,3.21,3.108,78.02K,1.65%
07/06/21,3.089,3.125,3.131,3.053,50.43K,-0.80%
04/06/21,3.114,3.084,3.137,3.031,39.14K,1.80%
03/06/21,3.059,3.091,3.106,3.05,32.36K,-1.13%
02/06/21,3.094,3.117,3.145,3.07,43.39K,-1.02%
01/06/21,3.126,3.055,3.169,3.034,71.84K,2.32%
31/05/21,3.055,3.037,3.059,3.015,,0.59%
30/05/21,3.037,3.033,3.046,3.03,,1.00%
28/05/21,3.007,2.984,3.058,2.975,38.13K,0.97%
27/05/21,2.978,3.041,3.043,2.938,36.41K,-1.62%
26/05/21,3.027,2.995,3.046,2.975,120.87K,1.78%
25/05/21,2.974,2.956,3.003,2.951,99.67K,0.47%
24/05/21,2.96,2.92,2.967,2.903,102.50K,-0.57%
21/05/21,2.977,3.012,3.045,2.962,80.37K,-0.47%
20/05/21,2.991,3.028,3.047,2.97,87.89K,-1.22%
19/05/21,3.028,3.072,3.079,3.004,90.23K,-1.62%
18/05/21,3.078,3.176,3.191,3.068,103.67K,-2.72%
17/05/21,3.164,3.072,3.204,3.071,132.44K,4.84%
14/05/21,3.018,3.029,3.069,3,57.09K,-0.23%
13/05/21,3.025,3.032,3.047,2.986,55.31K,0.23%
12/05/21,3.018,2.998,3.034,2.971,61.36K,0.63%
11/05/21,2.999,2.971,3.013,2.928,65.53K,0.71%
10/05/21,2.978,3.015,3.015,2.948,51.27K,-0.87%
07/05/21,3.004,2.978,3.031,2.953,57.29K,1.01%
06/05/21,2.974,2.99,3.014,2.954,38.17K,-0.27%
05/05/21,2.982,3.021,3.032,2.96,38.46K,-1.00%
04/05/21,3.012,3.01,3.045,2.979,44.99K,-0.07%
03/05/21,3.014,2.977,3.018,2.952,47.26K,1.21%
30/04/21,2.978,2.953,3.006,2.941,52.39K,0.57%
29/04/21,2.961,3.006,3.024,2.937,44.86K,0.03%
28/04/21,2.96,2.939,2.988,2.93,131.13K,0.61%
27/04/21,2.942,2.873,2.948,2.864,131.14K,2.37%
26/04/21,2.874,2.788,2.884,2.774,101.67K,1.99%
23/04/21,2.818,2.833,2.845,2.804,71.59K,-0.46%
22/04/21,2.831,2.778,2.86,2.735,126.41K,1.98%
21/04/21,2.776,2.801,2.803,2.746,74.83K,-0.96%
20/04/21,2.803,2.811,2.83,2.793,69.15K,-0.53%
19/04/21,2.818,2.773,2.821,2.765,72.52K,2.32%
16/04/21,2.754,2.734,2.765,2.729,60.95K,0.88%
15/04/21,2.73,2.693,2.747,2.659,63.90K,1.37%
14/04/21,2.693,2.695,2.737,2.682,66.24K,-0.11%
13/04/21,2.696,2.636,2.713,2.614,68.91K,2.01%
12/04/21,2.643,2.617,2.676,2.611,66.80K,1.46%
09/04/21,2.605,2.604,2.63,2.588,54.81K,-0.08%
08/04/21,2.607,2.591,2.616,2.563,58.61K,0.39%
07/04/21,2.597,2.543,2.62,2.54,46.26K,2.41%
06/04/21,2.536,2.589,2.637,2.534,42.33K,-1.78%
05/04/21,2.582,2.655,2.674,2.558,53.47K,-4.26%
01/04/21,2.697,2.666,2.718,2.64,40.75K,1.12%
31/03/21,2.667,2.676,2.712,2.637,34.71K,-0.52%
30/03/21,2.681,2.701,2.738,2.659,27.46K,1.06%
29/03/21,2.653,2.624,2.656,2.582,103.90K,1.30%
26/03/21,2.619,2.617,2.64,2.603,77.94K,0.11%
25/03/21,2.616,2.563,2.629,2.526,105.29K,1.87%
24/03/21,2.568,2.56,2.594,2.542,75.02K,0.55%
23/03/21,2.554,2.614,2.615,2.551,92.90K,-2.48%
22/03/21,2.619,2.54,2.628,2.515,88.73K,2.07%
19/03/21,2.566,2.523,2.583,2.49,66.14K,2.19%
18/03/21,2.511,2.547,2.553,2.459,100.51K,-1.72%
17/03/21,2.555,2.597,2.6,2.525,84.11K,-1.62%
16/03/21,2.597,2.539,2.6,2.522,84.67K,2.93%
15/03/21,2.523,2.596,2.602,2.518,98.13K,-4.29%
12/03/21,2.636,2.703,2.727,2.619,67.46K,-2.48%
11/03/21,2.703,2.725,2.75,2.675,76.73K,-0.92%
10/03/21,2.728,2.688,2.742,2.652,59.84K,1.19%
09/03/21,2.696,2.699,2.724,2.66,61.90K,-0.07%
08/03/21,2.698,2.725,2.77,2.664,80.64K,-1.50%
05/03/21,2.739,2.775,2.787,2.72,73.12K,-1.51%
04/03/21,2.781,2.836,2.857,2.724,55.12K,-2.39%
03/03/21,2.849,2.883,2.916,2.837,36.74K,-0.90%
02/03/21,2.875,2.823,2.89,2.798,47.43K,2.02%
01/03/21,2.818,2.83,2.841,2.766,36.53K,0.32%
26/02/21,2.809,2.801,2.822,2.734,73.39K,0.00%
25/02/21,2.809,2.833,2.879,2.795,59.29K,0.50%
24/02/21,2.795,2.866,2.868,2.791,113.57K,-2.17%
23/02/21,2.857,2.921,2.932,2.842,129.78K,-2.69%
22/02/21,2.936,2.934,2.962,2.865,150.48K,-1.84%
19/02/21,2.991,2.944,3.025,2.904,132.72K,0.71%
18/02/21,2.97,3.06,3.06,2.933,184.74K,-2.04%
17/02/21,3.032,2.964,3.043,2.939,174.98K,1.64%
16/02/21,2.983,2.976,3.02,2.904,206.48K,-2.74%
15/02/21,3.067,3.034,3.094,2.978,,1.05%
14/02/21,3.035,3.03,3.039,3.009,,5.53%
12/02/21,2.876,2.839,2.919,2.806,113.88K,1.41%
11/02/21,2.836,2.91,2.956,2.81,155.08K,-1.49%
10/02/21,2.879,2.807,2.91,2.747,151.47K,1.98%
09/02/21,2.823,2.86,2.896,2.777,107.65K,-1.36%
08/02/21,2.862,2.88,2.946,2.822,108.26K,0.74%
05/02/21,2.841,2.905,2.98,2.823,155.02K,-1.66%
04/02/21,2.889,2.761,2.92,2.727,98.71K,4.22%
03/02/21,2.772,2.796,2.842,2.737,81.78K,-1.63%
02/02/21,2.818,2.804,2.935,2.786,154.73K,-0.11%
01/02/21,2.821,2.73,2.839,2.722,136.22K,8.83%
29/01/21,2.592,2.686,2.716,2.583,62.37K,-3.10%
28/01/21,2.675,2.688,2.721,2.617,71.60K,-1.00%
27/01/21,2.702,2.632,2.74,2.618,153.19K,2.50%
26/01/21,2.636,2.597,2.662,2.59,111.06K,1.46%
25/01/21,2.598,2.53,2.609,2.498,119.25K,5.78%
22/01/21,2.456,2.5,2.511,2.425,97.29K,-1.64%
21/01/21,2.497,2.528,2.541,2.462,95.65K,-1.42%
20/01/21,2.533,2.526,2.554,2.459,117.38K,0.16%
19/01/21,2.529,2.62,2.641,2.507,168.50K,-4.10%
18/01/21,2.637,2.64,2.656,2.572,,-0.11%
17/01/21,2.64,2.641,2.657,2.639,,-2.08%
15/01/21,2.696,2.636,2.748,2.606,91.10K,2.51%
14/01/21,2.63,2.701,2.75,2.625,84.70K,-2.19%
13/01/21,2.689,2.69,2.773,2.671,97.03K,-0.66%
12/01/21,2.707,2.742,2.835,2.672,123.98K,0.15%
11/01/21,2.703,2.577,2.755,2.561,109.23K,1.77%
08/01/21,2.656,2.643,2.685,2.603,89.98K,-1.30%
07/01/21,2.691,2.691,2.719,2.635,74.22K,0.26%
06/01/21,2.684,2.658,2.732,2.584,69.45K,0.41%
05/01/21,2.673,2.577,2.698,2.571,85.70K,4.37%
04/01/21,2.561,2.601,2.643,2.553,69.27K,1.39%
31/12/20,2.526,2.434,2.537,2.431,50.70K,4.29%
30/12/20,2.422,2.442,2.468,2.389,36.83K,-0.90%
29/12/20,2.444,2.35,2.486,2.305,143.53K,5.07%
28/12/20,2.326,2.322,2.368,2.263,151.95K,-7.40%
24/12/20,2.512,2.584,2.616,2.507,69.89K,-2.94%
23/12/20,2.588,2.737,2.765,2.552,107.37K,-5.86%
22/12/20,2.749,2.688,2.775,2.672,87.87K,2.23%
21/12/20,2.689,2.709,2.71,2.624,62.56K,0.30%
18/12/20,2.681,2.655,2.711,2.644,77.04K,1.67%
17/12/20,2.637,2.689,2.724,2.608,78.91K,-1.64%
16/12/20,2.681,2.665,2.695,2.62,61.50K,0.04%
15/12/20,2.68,2.667,2.691,2.596,68.79K,0.07%
14/12/20,2.678,2.664,2.711,2.613,66.72K,2.88%
11/12/20,2.603,2.589,2.635,2.54,69.25K,1.28%
10/12/20,2.57,2.448,2.609,2.406,88.43K,4.64%
09/12/20,2.456,2.473,2.538,2.438,88.30K,1.40%
08/12/20,2.422,2.453,2.501,2.393,72.68K,-0.45%
07/12/20,2.433,2.471,2.495,2.406,104.54K,-5.92%
04/12/20,2.586,2.521,2.632,2.475,50.00K,2.82%
03/12/20,2.515,2.756,2.764,2.486,89.71K,-9.47%
02/12/20,2.778,2.866,2.918,2.739,48.42K,-3.14%
01/12/20,2.868,2.913,2.95,2.819,39.75K,0.10%
30/11/20,2.865,2.823,2.977,2.813,40.91K,1.17%
27/11/20,2.832,2.938,2.938,2.818,24.28K,-3.34%
26/11/20,2.93,2.927,2.949,2.905,,-1.05%
25/11/20,2.961,2.895,3.002,2.838,112.02K,2.10%
24/11/20,2.9,2.817,2.908,2.8,110.03K,2.73%
23/11/20,2.823,2.822,2.839,2.756,87.35K,1.91%
20/11/20,2.77,2.725,2.808,2.716,86.64K,1.84%
19/11/20,2.72,2.842,2.865,2.656,151.07K,-4.16%
18/11/20,2.838,2.841,2.917,2.822,92.37K,-0.21%
17/11/20,2.844,2.852,2.89,2.809,86.39K,-0.70%
16/11/20,2.864,3.008,3.022,2.842,141.09K,-8.26%
13/11/20,3.122,3.075,3.204,3.074,79.76K,0.90%
12/11/20,3.094,3.152,3.181,3.066,79.97K,-1.81%
11/11/20,3.151,3.071,3.168,3.042,88.30K,2.54%
10/11/20,3.073,3.001,3.131,2.99,96.31K,2.47%
09/11/20,2.999,3.022,3.068,2.965,77.02K,-1.06%
06/11/20,3.031,3.08,3.112,3.01,89.55K,-1.72%
05/11/20,3.084,3.195,3.244,3.071,91.30K,-2.93%
04/11/20,3.177,3.197,3.229,3.142,60.16K,-0.56%
03/11/20,3.195,3.364,3.367,3.175,80.69K,-5.33%
02/11/20,3.375,3.49,3.505,3.342,56.77K,-2.71%
30/10/20,3.469,3.431,3.507,3.374,56.49K,1.52%
29/10/20,3.417,3.396,3.459,3.276,67.13K,3.83%
28/10/20,3.291,3.308,3.324,3.265,102.03K,-0.60%
27/10/20,3.311,3.242,3.336,3.18,166.31K,1.78%
26/10/20,3.253,3.176,3.293,3.159,98.81K,1.82%
23/10/20,3.195,3.263,3.277,3.166,94.65K,-2.35%
22/10/20,3.272,3.338,3.359,3.254,95.70K,-2.27%
21/10/20,3.348,3.255,3.362,3.253,117.46K,2.70%
20/10/20,3.26,3.288,3.342,3.248,78.87K,-0.61%
19/10/20,3.28,3.205,3.311,3.205,89.96K,0.28%
16/10/20,3.271,3.261,3.319,3.234,82.61K,0.31%
15/10/20,3.261,3.209,3.291,3.2,81.38K,2.26%
14/10/20,3.189,3.209,3.226,3.132,106.35K,-1.79%
13/10/20,3.247,3.231,3.269,3.189,105.08K,-0.73%
12/10/20,3.271,3.287,3.329,3.219,95.74K,2.09%
09/10/20,3.204,3.131,3.263,3.131,112.57K,1.75%
08/10/20,3.149,3.105,3.16,3.075,99.25K,0.00%
07/10/20,3.149,3.08,3.221,3.06,103.19K,1.71%
06/10/20,3.096,3.156,3.229,3.088,60.86K,-2.06%
05/10/20,3.161,2.989,3.217,2.989,77.68K,5.68%
02/10/20,2.991,3.022,3.038,2.922,85.13K,-2.32%
01/10/20,3.062,3.133,3.176,3.015,91.07K,-1.76%
30/09/20,3.117,3.082,3.166,3.039,66.10K,-0.03%
29/09/20,3.118,3.247,3.267,3.07,72.72K,11.56%
28/09/20,2.795,2.785,2.823,2.704,113.19K,-0.43%
25/09/20,2.807,2.865,2.918,2.791,140.30K,-3.17%
24/09/20,2.899,2.821,2.928,2.775,136.93K,3.76%
23/09/20,2.794,2.58,2.841,2.518,202.73K,7.59%
22/09/20,2.597,2.732,2.742,2.561,137.02K,-4.17%
21/09/20,2.71,2.588,2.738,2.576,188.35K,2.92%
18/09/20,2.633,2.556,2.654,2.521,108.38K,2.17%
17/09/20,2.577,2.658,2.665,2.496,172.50K,-3.27%
16/09/20,2.664,2.732,2.775,2.64,89.24K,-2.81%
15/09/20,2.741,2.738,2.767,2.7,80.24K,0.04%
14/09/20,2.74,2.767,2.833,2.716,105.74K,-0.15%
11/09/20,2.744,2.797,2.807,2.723,90.30K,-1.93%
10/09/20,2.798,2.856,2.874,2.787,88.72K,-2.61%
09/09/20,2.873,2.861,2.927,2.822,111.18K,-0.66%
08/09/20,2.892,2.982,2.99,2.851,96.60K,13.81%
07/09/20,2.541,2.562,2.567,2.494,,-0.78%
06/09/20,2.561,2.578,2.58,2.554,,-14.26%
04/09/20,2.987,2.924,3.002,2.882,82.30K,2.05%
03/09/20,2.927,2.929,2.971,2.895,66.65K,-0.14%
02/09/20,2.931,2.899,2.975,2.837,151.06K,1.03%
01/09/20,2.901,2.918,2.965,2.857,120.38K,-0.65%
31/08/20,2.92,2.882,2.944,2.811,82.88K,0.14%
28/08/20,2.916,2.945,2.973,2.883,55.54K,7.60%
27/08/20,2.71,2.527,2.715,2.491,209.68K,5.28%
26/08/20,2.574,2.579,2.654,2.519,142.31K,-0.85%
25/08/20,2.596,2.616,2.649,2.568,117.37K,-0.76%
24/08/20,2.616,2.585,2.658,2.514,134.13K,1.67%
21/08/20,2.573,2.502,2.588,2.424,133.75K,2.80%
20/08/20,2.503,2.569,2.577,2.495,112.56K,-2.34%
19/08/20,2.563,2.554,2.593,2.513,70.71K,0.27%
18/08/20,2.556,2.481,2.598,2.439,103.43K,3.23%
17/08/20,2.476,2.525,2.525,2.44,94.16K,-0.76%
14/08/20,2.495,2.328,2.514,2.312,149.81K,7.36%
13/08/20,2.324,2.294,2.347,2.282,98.36K,1.18%
12/08/20,2.297,2.286,2.308,2.228,118.23K,-0.61%
11/08/20,2.311,2.294,2.356,2.27,101.83K,1.05%
10/08/20,2.287,2.385,2.401,2.254,109.88K,-3.75%
07/08/20,2.376,2.297,2.389,2.283,112.87K,3.08%
06/08/20,2.305,2.347,2.422,2.277,72.92K,-1.12%
05/08/20,2.331,2.324,2.395,2.3,81.94K,-0.13%
04/08/20,2.334,2.239,2.338,2.197,102.49K,4.24%
03/08/20,2.239,2.009,2.291,2.003,174.01K,14.41%
31/07/20,1.957,1.993,2.026,1.941,56.14K,-1.71%
30/07/20,1.991,2.079,2.079,1.977,80.38K,3.16%
29/07/20,1.93,1.856,1.937,1.826,165.74K,3.54%
28/07/20,1.864,1.784,1.867,1.777,143.66K,4.37%
27/07/20,1.786,1.856,1.86,1.767,127.86K,-4.34%
24/07/20,1.867,1.832,1.871,1.793,120.62K,1.74%
23/07/20,1.835,1.731,1.852,1.716,140.65K,6.81%
22/07/20,1.718,1.708,1.735,1.66,99.23K,0.23%
21/07/20,1.714,1.685,1.719,1.659,101.75K,1.78%
20/07/20,1.684,1.748,1.748,1.646,124.10K,-4.59%
17/07/20,1.765,1.78,1.796,1.743,70.68K,-0.62%
16/07/20,1.776,1.825,1.845,1.758,74.09K,-2.31%
15/07/20,1.818,1.787,1.831,1.769,58.80K,1.73%
14/07/20,1.787,1.789,1.813,1.765,105.19K,-0.56%
13/07/20,1.797,1.828,1.854,1.78,91.88K,-2.71%
10/07/20,1.847,1.822,1.874,1.787,105.60K,1.43%
09/07/20,1.821,1.872,1.934,1.816,100.94K,-2.93%
08/07/20,1.876,1.944,1.948,1.868,113.13K,-3.25%
07/07/20,1.939,1.893,1.989,1.893,80.48K,2.43%
06/07/20,1.893,1.786,1.903,1.781,108.74K,8.42%
03/07/20,1.746,1.723,1.75,1.715,,-2.18%
02/07/20,1.785,1.747,1.791,1.724,62.06K,3.72%
01/07/20,1.721,1.792,1.792,1.7,76.38K,-3.80%
30/06/20,1.789,1.742,1.831,1.739,87.21K,2.00%
29/06/20,1.754,1.621,1.799,1.616,78.57K,13.60%
26/06/20,1.544,1.526,1.569,1.517,117.33K,-0.13%
25/06/20,1.546,1.661,1.661,1.517,273.58K,-6.92%
24/06/20,1.661,1.688,1.715,1.652,125.89K,-1.77%
23/06/20,1.691,1.731,1.735,1.682,127.67K,-2.70%
22/06/20,1.738,1.758,1.787,1.719,121.44K,-0.57%
19/06/20,1.748,1.726,1.766,1.719,109.03K,1.16%
18/06/20,1.728,1.726,1.748,1.701,97.17K,0.06%
17/06/20,1.727,1.7,1.736,1.688,122.77K,1.53%
16/06/20,1.701,1.762,1.774,1.692,110.04K,-3.35%
15/06/20,1.76,1.84,1.844,1.755,137.60K,-3.03%
12/06/20,1.815,1.899,1.906,1.811,96.83K,-4.47%
11/06/20,1.9,1.877,1.915,1.855,111.81K,1.60%
10/06/20,1.87,1.86,1.895,1.772,110.28K,0.38%
09/06/20,1.863,1.905,1.921,1.853,93.85K,-1.53%
08/06/20,1.892,1.9,1.91,1.853,103.05K,0.32%
05/06/20,1.886,1.916,1.96,1.881,89.61K,-1.62%
04/06/20,1.917,1.901,1.943,1.889,46.03K,0.10%
03/06/20,1.915,1.871,1.95,1.871,62.33K,2.08%
02/06/20,1.876,1.874,1.897,1.856,41.60K,0.27%
01/06/20,1.871,1.905,1.935,1.84,58.66K,-3.56%
29/05/20,1.94,1.912,1.951,1.862,63.49K,1.09%
28/05/20,1.919,1.963,1.978,1.902,47.46K,1.75%
27/05/20,1.886,1.935,1.979,1.867,161.46K,-3.03%
26/05/20,1.945,1.882,1.95,1.842,190.72K,4.35%
25/05/20,1.864,1.863,1.886,1.843,,0.05%
24/05/20,1.863,1.883,1.883,1.861,,-0.96%
22/05/20,1.881,1.87,1.903,1.832,129.09K,1.57%
21/05/20,1.852,1.91,1.916,1.832,138.51K,-2.99%
20/05/20,1.909,1.963,2.023,1.885,165.33K,-3.83%
19/05/20,1.985,1.951,2.027,1.942,211.30K,1.33%
18/05/20,1.959,1.903,2.02,1.878,203.55K,6.87%
15/05/20,1.833,1.87,1.92,1.822,124.88K,-2.71%
14/05/20,1.884,1.882,1.928,1.851,149.55K,1.51%
13/05/20,1.856,1.95,1.975,1.838,200.95K,-5.55%
12/05/20,1.965,2.096,2.103,1.938,169.78K,-5.76%
11/05/20,2.085,2.089,2.125,2.064,129.56K,0.39%
08/05/20,2.077,2.126,2.141,2.066,97.49K,-2.35%
07/05/20,2.127,2.179,2.199,2.116,104.15K,-2.03%
06/05/20,2.171,2.267,2.287,2.162,87.56K,-6.10%
05/05/20,2.312,2.231,2.364,2.227,109.35K,3.68%
04/05/20,2.23,2.195,2.241,2.168,61.06K,4.50%
01/05/20,2.134,2.161,2.225,2.119,73.91K,-1.66%
30/04/20,2.17,2.104,2.175,2.055,59.62K,3.78%
29/04/20,2.091,2.186,2.198,2.085,47.81K,7.34%
28/04/20,1.948,1.92,2.018,1.884,157.78K,1.67%
27/04/20,1.916,1.867,1.927,1.765,233.56K,1.11%
24/04/20,1.895,1.955,1.988,1.865,171.27K,-2.42%
23/04/20,1.942,2.041,2.071,1.931,148.28K,-5.41%
22/04/20,2.053,1.991,2.077,1.928,183.68K,3.48%
21/04/20,1.984,2.066,2.1,1.937,254.74K,-3.17%
20/04/20,2.049,1.93,2.085,1.86,170.05K,7.67%
17/04/20,1.903,1.852,1.96,1.819,129.54K,3.14%
16/04/20,1.845,1.743,1.877,1.705,189.89K,5.55%
15/04/20,1.748,1.819,1.831,1.738,105.81K,-4.27%
14/04/20,1.826,1.883,1.9,1.81,112.16K,-2.82%
13/04/20,1.879,1.882,1.937,1.842,109.97K,0.86%
09/04/20,1.863,1.898,1.93,1.843,118.69K,-1.74%
08/04/20,1.896,2,2.007,1.884,117.93K,-2.72%
07/04/20,1.949,1.879,2.002,1.861,146.17K,5.69%
06/04/20,1.844,1.768,1.865,1.745,76.47K,6.10%
03/04/20,1.738,1.672,1.777,1.651,64.20K,3.95%
02/04/20,1.672,1.715,1.746,1.649,70.80K,-2.34%
01/04/20,1.712,1.753,1.786,1.702,59.13K,-2.51%
31/03/20,1.756,1.8,1.834,1.751,66.23K,-2.12%
30/03/20,1.794,1.737,1.81,1.714,46.51K,7.36%
27/03/20,1.671,1.699,1.71,1.648,114.35K,-1.07%
26/03/20,1.689,1.725,1.743,1.672,129.32K,-1.46%
25/03/20,1.714,1.741,1.782,1.697,96.08K,-0.87%
24/03/20,1.729,1.66,1.752,1.656,133.25K,3.35%
23/03/20,1.673,1.612,1.702,1.587,130.43K,-0.12%
20/03/20,1.675,1.723,1.772,1.646,160.64K,-2.95%
19/03/20,1.726,1.683,1.732,1.649,169.73K,4.80%
18/03/20,1.647,1.762,1.766,1.594,197.87K,-6.90%
17/03/20,1.769,1.831,1.86,1.752,128.84K,-4.53%
16/03/20,1.853,1.891,1.891,1.814,128.84K,-2.52%
13/03/20,1.901,1.851,1.986,1.836,147.17K,0.85%
12/03/20,1.885,1.923,1.924,1.801,179.00K,-1.87%
11/03/20,1.921,1.979,2.044,1.906,206.90K,-3.22%
10/03/20,1.985,1.876,2.002,1.836,216.86K,9.13%
09/03/20,1.819,1.72,1.874,1.657,182.92K,4.06%
06/03/20,1.748,1.803,1.804,1.745,131.62K,-3.59%
05/03/20,1.813,1.872,1.884,1.796,69.60K,-2.79%
04/03/20,1.865,1.839,1.881,1.822,59.25K,1.47%
03/03/20,1.838,1.804,1.876,1.794,86.86K,2.28%
02/03/20,1.797,1.739,1.806,1.729,94.82K,3.75%
28/02/20,1.732,1.795,1.796,1.694,88.13K,-3.78%
27/02/20,1.8,1.872,1.874,1.766,104.12K,-2.01%
26/02/20,1.837,1.852,1.886,1.82,163.42K,-0.76%
25/02/20,1.851,1.853,1.879,1.833,166.76K,0.43%
24/02/20,1.843,1.891,1.893,1.839,156.38K,-3.86%
21/02/20,1.917,1.924,1.93,1.874,182.59K,-0.73%
20/02/20,1.931,1.973,2.024,1.919,272.83K,-2.03%
19/02/20,1.971,1.958,1.986,1.941,249.02K,0.00%
18/02/20,1.971,1.892,1.974,1.885,269.47K,2.12%
17/02/20,1.93,1.901,1.946,1.889,,1.47%
16/02/20,1.902,1.849,1.907,1.849,,2.48%
14/02/20,1.856,1.851,1.872,1.831,128.68K,0.00%
13/02/20,1.856,1.868,1.894,1.853,211.02K,-0.96%
12/02/20,1.874,1.819,1.885,1.819,227.09K,2.80%
11/02/20,1.823,1.804,1.833,1.788,210.38K,1.05%
10/02/20,1.804,1.85,1.851,1.796,249.66K,-4.65%
07/02/20,1.892,1.888,1.915,1.869,198.64K,0.26%
06/02/20,1.887,1.891,1.927,1.857,104.50K,0.00%
05/02/20,1.887,1.902,1.909,1.857,93.33K,-0.79%
04/02/20,1.902,1.862,1.917,1.847,97.02K,2.15%
03/02/20,1.862,1.895,1.924,1.857,102.14K,-1.27%
31/01/20,1.886,1.872,1.895,1.859,76.39K,0.75%
30/01/20,1.872,1.915,1.926,1.864,114.63K,0.38%
29/01/20,1.865,1.913,1.922,1.858,171.88K,-2.25%
28/01/20,1.908,1.878,1.927,1.86,192.22K,1.60%
27/01/20,1.878,1.91,1.953,1.865,189.26K,0.43%
24/01/20,1.87,1.914,1.919,1.854,177.58K,-1.79%
23/01/20,1.904,1.908,1.957,1.897,198.07K,0.21%
22/01/20,1.9,1.902,1.928,1.889,222.41K,0.58%
21/01/20,1.889,1.963,1.963,1.826,226.91K,-2.53%
20/01/20,1.938,1.905,1.948,1.893,,1.73%
19/01/20,1.905,1.958,1.964,1.804,,-4.03%
17/01/20,1.985,2.046,2.048,1.977,177.94K,-2.98%
16/01/20,2.046,2.097,2.124,2.038,167.46K,-1.78%
15/01/20,2.083,2.146,2.152,2.08,175.80K,-3.16%
14/01/20,2.151,2.158,2.204,2.139,222.51K,-0.32%
13/01/20,2.158,2.175,2.181,2.125,167.50K,-0.46%
10/01/20,2.168,2.148,2.184,2.121,194.31K,0.93%
09/01/20,2.148,2.138,2.154,2.092,166.55K,0.66%
08/01/20,2.134,2.148,2.164,2.103,170.26K,-0.88%
07/01/20,2.153,2.144,2.166,2.103,82.70K,0.89%
06/01/20,2.134,2.095,2.155,2.083,79.91K,1.04%
03/01/20,2.112,2.1,2.133,2.062,61.29K,0.91%
02/01/20,2.093,2.152,2.158,2.088,73.01K,-3.95%
01/01/20,2.179,2.182,2.183,2.173,,0.97%
31/12/19,2.158,2.16,2.177,2.126,51.32K,0.05%
30/12/19,2.157,2.189,2.199,2.155,41.47K,-3.32%
27/12/19,2.231,2.273,2.275,2.167,223.90K,-2.36%
26/12/19,2.285,2.207,2.29,2.207,134.83K,2.19%
25/12/19,2.236,2.208,2.237,2.208,,2.24%
24/12/19,2.187,2.215,2.234,2.18,83.78K,-1.35%
23/12/19,2.217,2.246,2.256,2.203,151.67K,-4.03%
20/12/19,2.31,2.277,2.325,2.27,130.70K,1.99%
19/12/19,2.265,2.261,2.282,2.221,179.41K,0.04%
18/12/19,2.264,2.303,2.311,2.243,131.37K,-1.69%
17/12/19,2.303,2.328,2.343,2.271,98.95K,-0.99%
16/12/19,2.326,2.279,2.351,2.274,104.15K,1.93%
13/12/19,2.282,2.327,2.328,2.241,100.44K,-1.64%
12/12/19,2.32,2.247,2.341,2.244,159.57K,3.43%
11/12/19,2.243,2.263,2.292,2.24,117.30K,-0.88%
10/12/19,2.263,2.258,2.279,2.219,142.58K,1.30%
09/12/19,2.234,2.208,2.258,2.169,170.09K,-3.67%
06/12/19,2.319,2.39,2.409,2.313,115.36K,-3.29%
05/12/19,2.398,2.376,2.43,2.368,54.79K,1.01%
04/12/19,2.374,2.417,2.427,2.34,52.55K,-1.29%
03/12/19,2.405,2.322,2.468,2.318,94.74K,4.20%
02/12/19,2.308,2.31,2.343,2.271,53.94K,2.03%
29/11/19,2.262,2.466,2.481,2.253,50.68K,-8.16%
28/11/19,2.463,2.495,2.513,2.454,,-0.28%
27/11/19,2.47,2.497,2.521,2.458,32.13K,-2.49%
26/11/19,2.533,2.58,2.583,2.5,241.56K,-1.97%
25/11/19,2.584,2.738,2.743,2.564,271.67K,-4.65%
22/11/19,2.71,2.635,2.724,2.601,180.12K,3.36%
21/11/19,2.622,2.614,2.641,2.574,148.36K,0.42%
20/11/19,2.611,2.581,2.631,2.572,146.97K,1.36%
19/11/19,2.576,2.608,2.626,2.57,174.76K,-2.05%
18/11/19,2.63,2.715,2.715,2.603,144.45K,-4.36%
15/11/19,2.75,2.711,2.785,2.682,109.43K,1.14%
14/11/19,2.719,2.754,2.777,2.705,124.22K,1.00%
13/11/19,2.692,2.716,2.76,2.66,136.40K,-0.81%
12/11/19,2.714,2.725,2.769,2.696,124.98K,-0.51%
11/11/19,2.728,2.802,2.806,2.706,142.00K,-5.05%
08/11/19,2.873,2.871,2.905,2.839,105.07K,0.49%
07/11/19,2.859,2.907,2.95,2.829,149.69K,-1.65%
06/11/19,2.907,2.952,2.969,2.899,67.43K,-1.12%
05/11/19,2.94,2.896,2.98,2.896,85.66K,1.45%
04/11/19,2.898,2.876,2.92,2.862,78.29K,3.43%
01/11/19,2.802,2.738,2.81,2.676,93.38K,2.56%
31/10/19,2.732,2.777,2.826,2.705,79.21K,-1.76%
30/10/19,2.781,2.72,2.809,2.708,69.31K,5.38%
29/10/19,2.639,2.562,2.704,2.555,307.27K,3.29%
28/10/19,2.555,2.505,2.588,2.499,248.06K,3.90%
25/10/19,2.459,2.477,2.48,2.432,97.75K,-0.24%
24/10/19,2.465,2.424,2.477,2.416,136.03K,1.57%
23/10/19,2.427,2.442,2.46,2.415,131.58K,-0.90%
22/10/19,2.449,2.436,2.478,2.436,178.97K,0.33%
21/10/19,2.441,2.524,2.524,2.413,160.29K,-3.02%
18/10/19,2.517,2.518,2.551,2.488,98.47K,0.04%
17/10/19,2.516,2.485,2.54,2.479,106.43K,0.84%
16/10/19,2.495,2.532,2.564,2.474,102.70K,-1.46%
15/10/19,2.532,2.495,2.537,2.485,100.87K,1.36%
14/10/19,2.498,2.469,2.527,2.457,90.64K,1.67%
11/10/19,2.457,2.405,2.467,2.388,180.15K,1.65%
10/10/19,2.417,2.438,2.457,2.405,144.01K,-0.78%
09/10/19,2.436,2.488,2.504,2.432,115.26K,-2.21%
08/10/19,2.491,2.485,2.525,2.471,99.28K,-0.36%
07/10/19,2.5,2.506,2.52,2.477,99.90K,-0.95%
04/10/19,2.524,2.508,2.568,2.446,94.68K,0.96%
03/10/19,2.5,2.455,2.524,2.4,111.69K,2.00%
02/10/19,2.451,2.481,2.501,2.449,57.98K,-1.17%
01/10/19,2.48,2.503,2.509,2.466,110.60K,-0.96%
30/09/19,2.504,2.543,2.555,2.498,63.90K,-2.38%
27/09/19,2.565,2.596,2.599,2.539,52.30K,4.99%
26/09/19,2.443,2.524,2.562,2.412,242.12K,-2.98%
25/09/19,2.518,2.524,2.536,2.472,167.22K,-0.28%
24/09/19,2.525,2.557,2.617,2.515,130.62K,-1.17%
23/09/19,2.555,2.54,2.569,2.511,140.84K,0.00%
20/09/19,2.555,2.58,2.604,2.532,119.25K,-0.54%
19/09/19,2.569,2.665,2.665,2.563,178.52K,-3.60%
18/09/19,2.665,2.695,2.726,2.629,103.90K,-1.30%
17/09/19,2.7,2.729,2.745,2.673,109.65K,-0.92%
16/09/19,2.725,2.725,2.738,2.677,144.62K,2.71%
13/09/19,2.653,2.605,2.675,2.586,129.87K,1.84%
12/09/19,2.605,2.583,2.616,2.551,142.97K,0.62%
11/09/19,2.589,2.622,2.641,2.571,137.02K,-1.18%
10/09/19,2.62,2.643,2.685,2.612,170.21K,-0.19%
09/09/19,2.625,2.592,2.646,2.548,144.31K,2.90%
06/09/19,2.551,2.495,2.556,2.456,87.18K,2.41%
05/09/19,2.491,2.487,2.517,2.441,104.91K,-0.04%
04/09/19,2.492,2.391,2.503,2.384,102.24K,3.96%
03/09/19,2.397,2.337,2.403,2.311,88.08K,3.68%
02/09/19,2.312,2.274,2.343,2.268,,1.63%
01/09/19,2.275,2.292,2.292,2.274,,-2.11%
30/08/19,2.324,2.337,2.346,2.305,71.69K,-0.77%
29/08/19,2.342,2.29,2.356,2.271,72.80K,5.40%
28/08/19,2.222,2.192,2.27,2.187,184.10K,1.37%
27/08/19,2.192,2.229,2.235,2.175,157.81K,-1.84%
26/08/19,2.233,2.171,2.241,2.16,146.40K,3.57%
23/08/19,2.156,2.154,2.17,2.126,105.55K,-0.32%
22/08/19,2.163,2.177,2.2,2.148,118.67K,-0.64%
21/08/19,2.177,2.217,2.238,2.162,174.13K,-1.89%
20/08/19,2.219,2.204,2.23,2.188,88.65K,0.27%
19/08/19,2.213,2.171,2.221,2.139,109.21K,0.27%
16/08/19,2.207,2.225,2.23,2.175,88.82K,-1.34%
15/08/19,2.237,2.167,2.273,2.148,156.71K,3.85%
14/08/19,2.154,2.173,2.213,2.133,87.52K,-0.23%
13/08/19,2.159,2.119,2.184,2.101,136.58K,1.98%
12/08/19,2.117,2.135,2.167,2.106,114.12K,-0.75%
09/08/19,2.133,2.14,2.159,2.084,107.73K,-0.61%
08/08/19,2.146,2.103,2.169,2.103,115.24K,2.24%
07/08/19,2.099,2.121,2.158,2.09,118.89K,-1.18%
06/08/19,2.124,2.104,2.145,2.09,70.19K,1.97%
05/08/19,2.083,2.091,2.122,2.045,73.02K,-2.21%
02/08/19,2.13,2.184,2.211,2.089,90.55K,-3.71%
01/08/19,2.212,2.257,2.338,2.177,121.72K,-1.69%
31/07/19,2.25,2.16,2.287,2.151,83.62K,4.17%
30/07/19,2.16,2.135,2.165,2.13,37.78K,2.08%
29/07/19,2.116,2.154,2.164,2.101,157.69K,-1.58%
26/07/19,2.15,2.22,2.225,2.147,173.50K,-3.46%
25/07/19,2.227,2.213,2.248,2.206,113.29K,1.14%
24/07/19,2.202,2.264,2.273,2.192,157.80K,-3.21%
23/07/19,2.275,2.3,2.305,2.264,108.28K,-0.78%
22/07/19,2.293,2.22,2.302,2.211,145.49K,2.92%
19/07/19,2.228,2.267,2.276,2.217,100.39K,-1.55%
18/07/19,2.263,2.283,2.326,2.242,122.81K,-0.66%
17/07/19,2.278,2.296,2.32,2.263,85.12K,-0.35%
16/07/19,2.286,2.372,2.385,2.277,118.68K,-4.19%
15/07/19,2.386,2.442,2.444,2.359,104.23K,-1.97%
12/07/19,2.434,2.394,2.458,2.385,126.73K,1.37%
11/07/19,2.401,2.428,2.472,2.377,126.68K,-1.32%
10/07/19,2.433,2.42,2.476,2.407,123.37K,0.70%
09/07/19,2.416,2.382,2.423,2.347,119.58K,1.34%
08/07/19,2.384,2.431,2.437,2.346,113.54K,-0.21%
05/07/19,2.389,2.26,2.412,2.237,69.52K,4.55%
04/07/19,2.285,2.288,2.3,2.264,,0.97%
03/07/19,2.263,2.217,2.267,2.214,48.24K,2.07%
02/07/19,2.217,2.242,2.271,2.209,42.30K,-1.12%
01/07/19,2.242,2.3,2.306,2.193,56.49K,-1.75%
28/06/19,2.282,2.294,2.338,2.275,58.72K,-0.70%
27/06/19,2.298,2.246,2.313,2.241,38.89K,1.32%
26/06/19,2.268,2.263,2.305,2.256,125.47K,-0.79%
25/06/19,2.286,2.279,2.296,2.235,125.72K,0.09%
24/06/19,2.284,2.174,2.298,2.174,143.46K,5.30%
21/06/19,2.169,2.191,2.202,2.158,131.80K,0.14%
20/06/19,2.166,2.265,2.281,2.134,228.38K,-4.29%
19/06/19,2.263,2.31,2.341,2.255,142.49K,-2.08%
18/06/19,2.311,2.361,2.386,2.3,95.76K,-2.61%
17/06/19,2.373,2.383,2.413,2.349,74.13K,-0.34%
14/06/19,2.381,2.323,2.393,2.322,78.25K,2.54%
13/06/19,2.322,2.373,2.379,2.317,101.41K,-2.48%
12/06/19,2.381,2.397,2.4,2.361,101.05K,-0.50%
11/06/19,2.393,2.355,2.401,2.329,99.07K,1.83%
10/06/19,2.35,2.334,2.357,2.321,95.27K,0.82%
07/06/19,2.331,2.337,2.349,2.305,94.39K,0.30%
06/06/19,2.324,2.371,2.393,2.307,74.80K,-2.35%
05/06/19,2.38,2.42,2.429,2.359,39.82K,-1.61%
04/06/19,2.419,2.417,2.444,2.386,45.72K,0.67%
03/06/19,2.403,2.445,2.479,2.387,80.85K,-2.32%
31/05/19,2.46,2.568,2.581,2.454,70.55K,-3.79%
30/05/19,2.557,2.621,2.638,2.546,45.64K,-2.55%
29/05/19,2.624,2.584,2.646,2.58,151.09K,1.55%
28/05/19,2.584,2.605,2.622,2.544,138.56K,0.00%
27/05/19,2.584,2.609,2.622,2.564,,-1.00%
26/05/19,2.61,2.605,2.613,2.602,,-0.04%
24/05/19,2.611,2.593,2.62,2.556,84.23K,0.73%
23/05/19,2.592,2.567,2.601,2.554,137.36K,1.29%
22/05/19,2.559,2.644,2.651,2.555,155.87K,-3.10%
21/05/19,2.641,2.694,2.694,2.636,117.40K,-2.15%
20/05/19,2.699,2.659,2.731,2.659,89.11K,1.31%
17/05/19,2.664,2.671,2.694,2.652,52.36K,-0.37%
16/05/19,2.674,2.637,2.678,2.621,75.45K,1.52%
15/05/19,2.634,2.68,2.7,2.628,79.36K,-2.05%
14/05/19,2.689,2.655,2.697,2.652,68.27K,1.36%
13/05/19,2.653,2.65,2.683,2.633,82.54K,-0.08%
10/05/19,2.655,2.626,2.682,2.608,90.71K,0.91%
09/05/19,2.631,2.64,2.643,2.599,81.35K,-0.57%
08/05/19,2.646,2.577,2.652,2.572,108.29K,2.84%
07/05/19,2.573,2.553,2.59,2.55,80.66K,0.51%
06/05/19,2.56,2.6,2.607,2.551,41.50K,-1.54%
03/05/19,2.6,2.623,2.644,2.587,41.26K,-0.91%
02/05/19,2.624,2.654,2.657,2.603,51.75K,-1.28%
01/05/19,2.658,2.613,2.664,2.604,48.53K,1.57%
30/04/19,2.617,2.637,2.659,2.612,47.02K,-0.87%
29/04/19,2.64,2.629,2.646,2.6,33.93K,2.33%
26/04/19,2.58,2.533,2.605,2.517,156.42K,1.26%
25/04/19,2.548,2.51,2.558,2.477,136.86K,1.92%
24/04/19,2.5,2.495,2.528,2.494,78.12K,0.04%
23/04/19,2.499,2.565,2.57,2.491,151.46K,-2.31%
22/04/19,2.558,2.535,2.578,2.531,98.38K,0.91%
18/04/19,2.535,2.549,2.561,2.525,136.75K,-0.94%
17/04/19,2.559,2.615,2.626,2.546,108.80K,-2.22%
16/04/19,2.617,2.634,2.638,2.615,68.72K,-0.61%
15/04/19,2.633,2.689,2.695,2.63,88.46K,-2.63%
12/04/19,2.704,2.714,2.728,2.693,57.87K,-0.15%
11/04/19,2.708,2.744,2.752,2.697,92.61K,-1.24%
10/04/19,2.742,2.749,2.768,2.726,87.37K,0.11%
09/04/19,2.739,2.752,2.763,2.722,69.30K,-0.33%
08/04/19,2.748,2.702,2.763,2.702,85.46K,1.55%
05/04/19,2.706,2.686,2.72,2.675,81.20K,0.74%
04/04/19,2.686,2.715,2.723,2.679,56.43K,-1.07%
03/04/19,2.715,2.731,2.733,2.7,46.31K,-0.26%
02/04/19,2.722,2.742,2.759,2.716,42.41K,-0.98%
01/04/19,2.749,2.715,2.774,2.707,48.33K,1.33%
29/03/19,2.713,2.767,2.774,2.708,42.32K,-1.74%
28/03/19,2.761,2.774,2.803,2.758,28.40K,1.54%
27/03/19,2.719,2.749,2.75,2.69,135.19K,-1.16%
26/03/19,2.751,2.775,2.788,2.746,82.20K,-0.83%
25/03/19,2.774,2.735,2.786,2.72,98.30K,0.25%
22/03/19,2.767,2.825,2.826,2.73,130.20K,-2.12%
21/03/19,2.827,2.838,2.846,2.801,81.14K,0.07%
20/03/19,2.825,2.862,2.87,2.817,84.29K,-1.64%
19/03/19,2.872,2.854,2.897,2.839,81.90K,0.56%
18/03/19,2.856,2.797,2.862,2.783,70.54K,1.93%
15/03/19,2.802,2.848,2.86,2.798,51.89K,-2.03%
14/03/19,2.86,2.847,2.864,2.837,61.32K,0.92%
13/03/19,2.834,2.803,2.85,2.779,80.06K,1.32%
12/03/19,2.797,2.792,2.81,2.765,60.33K,0.43%
11/03/19,2.785,2.841,2.849,2.78,90.56K,-2.96%
08/03/19,2.87,2.865,2.896,2.865,74.67K,-0.07%
07/03/19,2.872,2.854,2.878,2.822,70.89K,0.77%
06/03/19,2.85,2.888,2.895,2.835,57.69K,-1.18%
05/03/19,2.884,2.857,2.892,2.846,45.31K,0.95%
04/03/19,2.857,2.852,2.887,2.828,44.89K,-0.21%
01/03/19,2.863,2.815,2.872,2.795,58.66K,1.42%
28/02/19,2.823,2.822,2.848,2.799,57.97K,0.36%
27/02/19,2.813,2.782,2.824,2.75,37.41K,0.61%
26/02/19,2.796,2.818,2.849,2.76,143.69K,-0.67%
25/02/19,2.815,2.772,2.821,2.75,167.37K,2.77%
22/02/19,2.739,2.728,2.747,2.698,91.90K,0.55%
21/02/19,2.724,2.679,2.731,2.673,130.86K,2.06%
20/02/19,2.669,2.693,2.718,2.664,110.05K,-1.04%
19/02/19,2.697,2.65,2.7,2.63,125.96K,1.93%
18/02/19,2.646,2.619,2.663,2.602,,1.07%
17/02/19,2.618,2.619,2.628,2.611,,-1.43%
15/02/19,2.656,2.611,2.663,2.589,84.15K,1.76%
14/02/19,2.61,2.638,2.651,2.602,85.15K,-0.42%
13/02/19,2.621,2.689,2.689,2.601,131.19K,-3.11%
12/02/19,2.705,2.663,2.71,2.635,123.23K,1.73%
11/02/19,2.659,2.642,2.73,2.642,139.02K,2.11%
08/02/19,2.604,2.59,2.636,2.573,112.72K,1.24%
07/02/19,2.572,2.668,2.68,2.565,139.07K,-3.20%
06/02/19,2.657,2.676,2.703,2.645,59.89K,0.26%
05/02/19,2.65,2.644,2.687,2.627,40.48K,0.30%
04/02/19,2.642,2.685,2.703,2.641,55.40K,-2.11%
01/02/19,2.699,2.789,2.792,2.695,69.12K,-2.39%
31/01/19,2.765,2.822,2.834,2.76,70.43K,-1.53%
30/01/19,2.808,2.842,2.848,2.803,47.33K,-3.27%
29/01/19,2.903,2.893,2.923,2.802,163.70K,1.04%
28/01/19,2.873,2.888,2.922,2.84,177.06K,-6.48%
25/01/19,3.072,3.042,3.09,2.946,133.91K,2.47%
24/01/19,2.998,2.955,3.051,2.926,140.32K,2.60%
23/01/19,2.922,2.989,3.062,2.897,144.47K,-1.68%
22/01/19,2.972,3.12,3.145,2.961,168.71K,-10.48%
21/01/19,3.32,3.322,3.357,3.232,,-0.09%
20/01/19,3.323,3.319,3.344,3.312,,2.59%
18/01/19,3.239,3.196,3.248,3.04,129.42K,2.05%
17/01/19,3.174,3.18,3.307,3.144,115.01K,0.86%
16/01/19,3.147,3.218,3.406,3.117,143.92K,-3.14%
15/01/19,3.249,3.326,3.373,3.2,139.54K,-1.22%
14/01/19,3.289,3.125,3.306,3.073,204.91K,11.68%
11/01/19,2.945,2.842,3.002,2.841,123.05K,4.69%
10/01/19,2.813,2.851,2.909,2.809,118.29K,-0.95%
09/01/19,2.84,2.876,2.887,2.817,100.72K,0.18%
08/01/19,2.835,2.864,2.932,2.829,94.53K,-0.42%
07/01/19,2.847,2.832,2.886,2.793,54.22K,-2.00%
04/01/19,2.905,2.791,2.909,2.778,52.51K,3.31%
03/01/19,2.812,2.849,2.886,2.771,58.53K,-0.60%
02/01/19,2.829,2.844,2.926,2.821,82.47K,-5.13%
01/01/19,2.982,2.932,2.993,2.922,,4.59%
31/12/18,2.851,3.028,3.028,2.841,76.64K,-9.43%
28/12/18,3.148,3.325,3.332,3.126,51.88K,-11.22%
27/12/18,3.546,3.424,3.554,3.359,144.90K,2.54%
26/12/18,3.458,3.399,3.551,3.252,120.85K,-0.92%
25/12/18,3.49,3.416,3.497,3.406,,1.96%
24/12/18,3.423,3.684,3.773,3.41,97.97K,-8.72%
21/12/18,3.75,3.633,3.762,3.537,123.13K,6.35%
20/12/18,3.526,3.65,3.821,3.514,124.90K,-3.48%
19/12/18,3.653,3.729,3.794,3.475,111.16K,-2.38%
18/12/18,3.742,3.488,3.752,3.482,103.77K,8.37%
17/12/18,3.453,3.552,3.659,3.433,110.19K,-7.99%
14/12/18,3.753,3.976,3.998,3.718,103.75K,-6.80%
13/12/18,4.027,4.001,4.185,3.959,96.65K,-0.20%
12/12/18,4.035,4.229,4.275,3.984,110.83K,-5.24%
11/12/18,4.258,4.313,4.395,4.21,98.06K,-2.34%
10/12/18,4.36,4.47,4.533,4.278,94.35K,-0.41%
07/12/18,4.378,4.231,4.463,4.127,86.84K,3.82%
06/12/18,4.217,4.311,4.35,4.145,42.10K,-2.61%
05/12/18,4.33,4.367,4.489,4.27,34.54K,0.58%
04/12/18,4.305,4.199,4.408,4.18,42.37K,3.56%
03/12/18,4.157,4.31,4.344,4.091,49.79K,-5.93%
30/11/18,4.419,4.45,4.6,4.29,53.28K,-1.41%
29/11/18,4.482,4.5,4.522,4.312,43.01K,-4.62%
28/11/18,4.699,4.219,4.728,4.209,294.42K,9.48%
27/11/18,4.292,4.266,4.346,4.142,191.29K,-0.16%
26/11/18,4.299,4.114,4.326,4.038,185.26K,-1.29%
23/11/18,4.355,4.502,4.598,4.151,125.20K,2.04%
22/11/18,4.268,4.485,4.53,4.119,,-4.67%
21/11/18,4.477,4.53,4.875,4.438,153.81K,-0.97%
20/11/18,4.521,4.591,4.674,4.264,167.24K,-4.05%
19/11/18,4.712,4.592,4.803,4.457,184.59K,9.81%
16/11/18,4.291,3.917,4.412,3.917,170.52K,6.13%
15/11/18,4.043,4.736,4.838,3.898,273.36K,-17.46%
14/11/18,4.898,4.111,4.964,4.088,355.13K,18.11%
13/11/18,4.147,3.954,4.155,3.916,241.64K,9.13%
12/11/18,3.8,3.747,3.964,3.747,179.26K,2.12%
09/11/18,3.721,3.562,3.827,3.561,176.01K,4.73%
08/11/18,3.553,3.546,3.582,3.517,107.82K,-0.45%
07/11/18,3.569,3.56,3.579,3.512,105.03K,-0.39%
06/11/18,3.583,3.56,3.594,3.527,102.14K,0.22%
05/11/18,3.575,3.487,3.585,3.446,128.09K,8.01%
02/11/18,3.31,3.28,3.335,3.203,85.37K,1.07%
01/11/18,3.275,3.324,3.358,3.255,68.52K,-0.82%
31/10/18,3.302,3.266,3.335,3.253,87.13K,1.79%
30/10/18,3.244,3.243,3.337,3.224,64.93K,1.44%
29/10/18,3.198,3.187,3.203,3.133,144.08K,-0.84%
26/10/18,3.225,3.228,3.25,3.146,171.95K,-0.95%
25/10/18,3.256,3.241,3.286,3.202,127.27K,0.90%
24/10/18,3.227,3.284,3.314,3.215,119.41K,-1.71%
23/10/18,3.283,3.21,3.308,3.183,147.49K,2.15%
22/10/18,3.214,3.289,3.304,3.201,109.10K,-2.87%
19/10/18,3.309,3.275,3.318,3.219,101.05K,1.82%
18/10/18,3.25,3.367,3.367,3.244,107.80K,-3.53%
17/10/18,3.369,3.328,3.384,3.3,97.16K,2.06%
16/10/18,3.301,3.323,3.377,3.278,77.05K,-0.27%
15/10/18,3.31,3.28,3.33,3.236,101.34K,2.60%
12/10/18,3.226,3.303,3.344,3.202,100.84K,-1.62%
11/10/18,3.279,3.323,3.337,3.228,148.84K,-1.59%
10/10/18,3.332,3.345,3.409,3.305,130.14K,1.03%
09/10/18,3.298,3.299,3.384,3.273,148.46K,0.27%
08/10/18,3.289,3.225,3.324,3.218,128.57K,3.17%
05/10/18,3.188,3.242,3.274,3.161,99.85K,-1.02%
04/10/18,3.221,3.309,3.317,3.198,94.95K,-2.31%
03/10/18,3.297,3.25,3.326,3.228,89.85K,1.79%
02/10/18,3.239,3.225,3.268,3.187,85.41K,2.11%
01/10/18,3.172,3.094,3.193,3.085,90.72K,2.62%
28/09/18,3.091,3.139,3.14,3.063,67.37K,-1.40%
27/09/18,3.135,3.059,3.186,3.047,77.68K,5.20%
26/09/18,2.98,3.049,3.062,2.966,227.06K,-2.55%
25/09/18,3.058,3.033,3.062,3.013,212.22K,0.96%
24/09/18,3.029,2.979,3.038,2.95,167.08K,1.85%
21/09/18,2.974,2.952,2.982,2.931,162.40K,0.34%
20/09/18,2.964,2.882,2.975,2.875,187.64K,2.85%
19/09/18,2.882,2.893,2.908,2.872,128.46K,-0.48%
18/09/18,2.896,2.78,2.899,2.777,187.32K,4.21%
17/09/18,2.779,2.762,2.795,2.756,122.20K,1.02%
14/09/18,2.751,2.797,2.802,2.747,102.57K,-1.75%
13/09/18,2.8,2.815,2.844,2.795,114.77K,-0.71%
12/09/18,2.82,2.83,2.859,2.811,109.95K,-0.25%
11/09/18,2.827,2.812,2.832,2.787,87.97K,0.68%
10/09/18,2.808,2.786,2.82,2.764,109.43K,0.65%
07/09/18,2.79,2.793,2.802,2.778,57.92K,-0.04%
06/09/18,2.791,2.81,2.815,2.783,71.51K,-0.78%
05/09/18,2.813,2.837,2.861,2.804,62.91K,-1.02%
04/09/18,2.842,2.926,2.926,2.831,90.85K,-0.80%
03/09/18,2.865,2.896,2.896,2.82,,-1.10%
02/09/18,2.897,2.901,2.902,2.882,,-1.43%
31/08/18,2.939,2.908,2.954,2.908,61.51K,1.31%
30/08/18,2.901,2.899,2.914,2.869,51.99K,1.33%
29/08/18,2.863,2.854,2.876,2.83,137.94K,0.63%
28/08/18,2.845,2.868,2.873,2.833,115.51K,-0.84%
27/08/18,2.869,2.9,2.912,2.864,99.23K,-1.51%
24/08/18,2.913,2.967,2.967,2.904,95.75K,-1.35%
23/08/18,2.953,2.944,2.969,2.926,89.79K,0.31%
22/08/18,2.944,2.97,2.974,2.941,71.12K,-0.67%
21/08/18,2.964,2.944,2.974,2.94,85.64K,1.09%
20/08/18,2.932,2.94,2.948,2.905,88.48K,-0.58%
17/08/18,2.949,2.913,2.97,2.913,70.55K,1.24%
16/08/18,2.913,2.948,2.955,2.898,83.08K,-1.19%
15/08/18,2.948,2.96,2.969,2.94,59.11K,-0.61%
14/08/18,2.966,2.934,2.979,2.931,73.59K,1.02%
13/08/18,2.936,2.941,2.95,2.905,85.81K,-0.44%
10/08/18,2.949,2.95,2.959,2.922,94.65K,-0.34%
09/08/18,2.959,2.959,2.964,2.937,95.89K,0.14%
08/08/18,2.955,2.898,2.957,2.891,113.87K,1.90%
07/08/18,2.9,2.871,2.904,2.864,96.39K,1.19%
06/08/18,2.866,2.862,2.875,2.835,48.20K,0.14%
03/08/18,2.862,2.822,2.87,2.821,56.66K,1.42%
02/08/18,2.822,2.756,2.833,2.751,65.97K,1.88%
01/08/18,2.77,2.794,2.803,2.756,54.88K,-1.00%
31/07/18,2.798,2.823,2.847,2.79,74.43K,-0.67%
30/07/18,2.817,2.815,2.832,2.786,46.67K,1.26%
27/07/18,2.782,2.758,2.797,2.757,104.67K,0.72%
26/07/18,2.762,2.755,2.779,2.749,139.03K,0.25%
25/07/18,2.755,2.723,2.762,2.721,90.72K,1.32%
24/07/18,2.719,2.697,2.727,2.685,95.60K,0.89%
23/07/18,2.695,2.705,2.711,2.688,114.82K,-1.21%
20/07/18,2.728,2.736,2.752,2.724,80.15K,-0.29%
19/07/18,2.736,2.703,2.743,2.671,102.76K,1.75%
18/07/18,2.689,2.709,2.718,2.688,88.12K,-0.66%
17/07/18,2.707,2.738,2.756,2.701,77.20K,-0.84%
16/07/18,2.73,2.741,2.749,2.709,81.53K,0.22%
13/07/18,2.724,2.773,2.784,2.723,93.56K,-1.52%
12/07/18,2.766,2.787,2.796,2.759,73.91K,-1.11%
11/07/18,2.797,2.757,2.799,2.751,61.47K,1.41%
10/07/18,2.758,2.798,2.804,2.753,76.69K,-1.36%
09/07/18,2.796,2.809,2.833,2.788,80.70K,-1.06%
06/07/18,2.826,2.805,2.833,2.799,46.69K,0.50%
05/07/18,2.812,2.835,2.868,2.799,44.88K,-1.02%
04/07/18,2.841,2.849,2.893,2.822,,-0.18%
03/07/18,2.846,2.841,2.878,2.83,53.81K,0.07%
02/07/18,2.844,2.895,2.896,2.834,56.36K,-1.96%
29/06/18,2.901,2.931,2.931,2.889,40.58K,-0.62%
28/06/18,2.919,2.956,2.992,2.908,43.08K,-2.08%
27/06/18,2.981,2.943,2.998,2.941,161.50K,1.71%
26/06/18,2.931,2.93,2.947,2.902,101.09K,0.34%
25/06/18,2.921,2.923,2.94,2.896,84.60K,-0.81%
22/06/18,2.945,2.976,2.986,2.924,100.70K,-0.91%
21/06/18,2.972,2.969,3.006,2.945,99.25K,0.24%
20/06/18,2.965,2.924,2.968,2.917,100.28K,2.10%
19/06/18,2.904,2.953,2.956,2.891,104.02K,-1.59%
18/06/18,2.951,3.039,3.043,2.947,88.69K,-2.12%
15/06/18,3.015,2.962,3.027,2.959,101.45K,1.93%
14/06/18,2.958,2.946,2.966,2.92,72.74K,0.34%
13/06/18,2.948,2.932,2.965,2.909,90.98K,0.65%
12/06/18,2.929,2.947,2.974,2.912,92.39K,-0.41%
11/06/18,2.941,2.932,2.966,2.917,93.65K,1.62%
08/06/18,2.894,2.941,2.942,2.883,76.20K,-1.53%
07/06/18,2.939,2.914,2.994,2.91,83.28K,1.03%
06/06/18,2.909,2.906,2.929,2.89,42.87K,0.07%
05/06/18,2.907,2.936,2.945,2.889,36.58K,-1.22%
04/06/18,2.943,2.988,2.994,2.937,40.48K,-1.11%
01/06/18,2.976,2.965,2.996,2.947,29.49K,0.37%
31/05/18,2.965,2.911,3,2.909,62.65K,2.07%
30/05/18,2.905,2.924,2.926,2.888,34.26K,0.07%
29/05/18,2.903,2.974,3,2.864,212.20K,-2.42%
28/05/18,2.975,2.964,3.001,2.94,,0.40%
25/05/18,2.963,2.964,2.994,2.942,142.63K,-0.27%
24/05/18,2.971,2.959,2.976,2.942,102.73K,0.54%
23/05/18,2.955,2.928,2.974,2.926,142.41K,0.65%
22/05/18,2.936,2.867,2.942,2.854,145.07K,3.02%
21/05/18,2.85,2.859,2.879,2.845,86.39K,-1.01%
18/05/18,2.879,2.883,2.901,2.865,77.04K,-0.24%
17/05/18,2.886,2.838,2.89,2.804,100.31K,1.73%
16/05/18,2.837,2.846,2.862,2.83,64.14K,-0.60%
15/05/18,2.854,2.85,2.878,2.844,62.36K,-0.17%
14/05/18,2.859,2.841,2.862,2.817,70.16K,1.20%
11/05/18,2.825,2.823,2.836,2.809,84.91K,-0.11%
10/05/18,2.828,2.759,2.833,2.732,120.72K,2.46%
09/05/18,2.76,2.767,2.785,2.753,76.04K,0.00%
08/05/18,2.76,2.761,2.797,2.735,83.70K,-0.25%
07/05/18,2.767,2.74,2.797,2.722,85.58K,0.95%
04/05/18,2.741,2.762,2.772,2.734,55.28K,-0.65%
03/05/18,2.759,2.795,2.81,2.739,46.08K,-1.15%
02/05/18,2.791,2.842,2.845,2.783,41.43K,-1.62%
01/05/18,2.837,2.8,2.854,2.795,50.80K,1.32%
30/04/18,2.8,2.805,2.817,2.769,42.43K,-0.39%
27/04/18,2.811,2.863,2.868,2.808,41.55K,-0.99%
26/04/18,2.839,2.812,2.844,2.799,159.93K,1.14%
25/04/18,2.807,2.813,2.825,2.784,126.93K,-0.21%
24/04/18,2.813,2.779,2.815,2.761,100.85K,1.37%
23/04/18,2.775,2.77,2.783,2.737,103.19K,0.29%
20/04/18,2.767,2.71,2.773,2.691,133.35K,2.67%
19/04/18,2.695,2.775,2.777,2.693,156.46K,-2.64%
18/04/18,2.768,2.772,2.818,2.763,83.49K,-0.07%
17/04/18,2.77,2.778,2.792,2.743,50.72K,-0.50%
16/04/18,2.784,2.78,2.806,2.769,66.61K,0.72%
13/04/18,2.764,2.72,2.787,2.706,93.04K,1.73%
12/04/18,2.717,2.709,2.731,2.684,113.03K,0.30%
11/04/18,2.709,2.699,2.723,2.66,108.86K,0.56%
10/04/18,2.694,2.737,2.761,2.682,106.72K,-1.35%
09/04/18,2.731,2.729,2.741,2.684,136.82K,-0.58%
06/04/18,2.747,2.732,2.768,2.729,75.77K,0.66%
05/04/18,2.729,2.764,2.764,2.702,60.99K,-1.34%
04/04/18,2.766,2.744,2.792,2.725,54.03K,0.77%
03/04/18,2.745,2.734,2.755,2.719,40.54K,0.48%
02/04/18,2.732,2.777,2.802,2.698,43.23K,-1.66%
29/03/18,2.778,2.753,2.81,2.752,48.58K,0.98%
28/03/18,2.751,2.769,2.78,2.74,32.74K,1.36%
27/03/18,2.714,2.67,2.721,2.66,148.93K,2.15%
26/03/18,2.657,2.627,2.68,2.61,130.13K,0.91%
23/03/18,2.633,2.659,2.666,2.622,96.74K,-0.87%
22/03/18,2.656,2.68,2.699,2.65,101.45K,-0.41%
21/03/18,2.667,2.704,2.735,2.664,118.59K,-1.37%
20/03/18,2.704,2.693,2.72,2.675,95.92K,0.97%
19/03/18,2.678,2.713,2.736,2.668,86.32K,-1.40%
16/03/18,2.716,2.716,2.729,2.698,55.75K,0.15%
15/03/18,2.712,2.767,2.775,2.696,93.76K,-1.70%
14/03/18,2.759,2.811,2.82,2.737,80.30K,-1.78%
13/03/18,2.809,2.806,2.831,2.797,94.62K,0.32%
12/03/18,2.8,2.757,2.826,2.74,103.41K,1.49%
09/03/18,2.759,2.773,2.78,2.739,98.40K,-1.00%
08/03/18,2.787,2.813,2.819,2.767,92.46K,-0.68%
07/03/18,2.806,2.782,2.815,2.773,86.03K,1.01%
06/03/18,2.778,2.743,2.785,2.738,60.55K,1.46%
05/03/18,2.738,2.753,2.754,2.709,40.12K,0.40%
02/03/18,2.727,2.724,2.756,2.716,40.00K,-0.07%
01/03/18,2.729,2.701,2.756,2.672,60.55K,1.22%
28/02/18,2.696,2.72,2.737,2.689,52.32K,-0.59%
27/02/18,2.712,2.704,2.728,2.661,41.94K,0.97%
26/02/18,2.686,2.67,2.723,2.642,158.11K,1.09%
23/02/18,2.657,2.661,2.674,2.612,162.54K,-0.71%
22/02/18,2.676,2.679,2.696,2.652,116.94K,-0.19%
21/02/18,2.681,2.668,2.701,2.593,129.63K,1.21%
20/02/18,2.649,2.608,2.677,2.602,123.91K,1.65%
19/02/18,2.606,2.582,2.618,2.562,,0.93%
18/02/18,2.582,2.57,2.587,2.568,,-0.62%
16/02/18,2.598,2.621,2.625,2.588,85.91K,-0.84%
15/02/18,2.62,2.646,2.661,2.58,118.32K,-0.38%
14/02/18,2.63,2.636,2.65,2.589,118.36K,0.27%
13/02/18,2.623,2.59,2.653,2.59,148.44K,1.71%
12/02/18,2.579,2.574,2.625,2.565,128.79K,-0.69%
09/02/18,2.597,2.66,2.695,2.588,145.20K,-3.28%
08/02/18,2.685,2.692,2.73,2.674,114.98K,-0.26%
07/02/18,2.692,2.732,2.748,2.675,131.67K,-1.14%
06/02/18,2.723,2.747,2.754,2.681,87.68K,-0.11%
05/02/18,2.726,2.786,2.809,2.715,79.66K,-2.36%
02/02/18,2.792,2.813,2.834,2.784,71.39K,-0.04%
01/02/18,2.793,2.84,2.849,2.771,130.16K,-2.34%
31/01/18,2.86,2.965,2.965,2.833,117.72K,-3.54%
30/01/18,2.965,2.949,2.983,2.941,109.08K,-6.38%
29/01/18,3.167,3.08,3.188,3.038,265.22K,-0.25%
26/01/18,3.175,3.105,3.197,3.072,259.61K,2.45%
25/01/18,3.099,3.051,3.169,3.045,303.35K,0.62%
24/01/18,3.08,3.09,3.132,3.024,283.94K,1.35%
23/01/18,3.039,2.949,3.129,2.944,249.11K,3.68%
22/01/18,2.931,2.98,2.99,2.907,150.32K,-0.34%
19/01/18,2.941,2.988,2.998,2.926,159.02K,-1.57%
18/01/18,2.988,3.029,3.07,2.905,177.45K,-1.19%
17/01/18,3.024,2.964,3.038,2.929,187.26K,2.09%
16/01/18,2.962,2.94,2.975,2.872,198.11K,-5.46%
15/01/18,3.133,3.117,3.175,3.107,,0.55%
14/01/18,3.116,3.124,3.124,3.091,,4.11%
12/01/18,2.993,2.954,2.996,2.911,263.06K,2.32%
11/01/18,2.925,2.819,2.957,2.801,256.73K,3.65%
10/01/18,2.822,2.882,2.906,2.788,146.68K,-1.05%
09/01/18,2.852,2.77,2.892,2.755,154.46K,2.89%
08/01/18,2.772,2.761,2.812,2.721,133.00K,0.98%
05/01/18,2.745,2.809,2.817,2.693,102.98K,-2.42%
04/01/18,2.813,2.935,2.992,2.776,111.86K,-4.03%
03/01/18,2.931,2.96,2.974,2.885,108.84K,-1.41%
02/01/18,2.973,2.972,3.035,2.874,119.89K,-3.54%
01/01/18,3.082,3.057,3.093,3.043,,6.06%